# qvc TwoLocal incremental log
# combo: rotation_type=RZ, entanglement=chain, ent_gate=CNOT
# Columns: dim, num_layers, best_it, val_acc, val_loss, val_prec, val_rec, val_f1, lowest train loss, final train loss
2, 1, 56, 0.500000, 0.752981, 0.000000, 0.000000, 0.000000, 0.753414, 0.755789
2, 2, 109, 0.500000, 0.753011, 0.000000, 0.000000, 0.000000, 0.753414, 0.753430
2, 3, 169, 0.500000, 0.752989, 0.000000, 0.000000, 0.000000, 0.753414, 0.753513
2, 4, 39, 0.500000, 0.753088, 0.000000, 0.000000, 0.000000, 0.753415, 0.753496
2, 5, 135, 0.500000, 0.753023, 0.000000, 0.000000, 0.000000, 0.753414, 0.761796
3, 1, 174, 0.483333, 0.799657, 0.516129, 0.500000, 0.507937, 0.731885, 0.732579
3, 2, 25, 0.466667, 0.797269, 0.500000, 0.500000, 0.500000, 0.731885, 0.741652
3, 3, 33, 0.466667, 0.797346, 0.500000, 0.500000, 0.500000, 0.731885, 0.738158
3, 4, 57, 0.466667, 0.797525, 0.500000, 0.500000, 0.500000, 0.731885, 0.732075
3, 5, 50, 0.466667, 0.797355, 0.500000, 0.500000, 0.500000, 0.731885, 0.737902
4, 1, 1, 0.550000, 0.779694, 0.550000, 1.000000, 0.709677, 0.709890, 0.711250
4, 2, 1, 0.550000, 0.763573, 0.550000, 1.000000, 0.709677, 0.709890, 0.721405
4, 3, 1, 0.550000, 0.779694, 0.550000, 1.000000, 0.709677, 0.709892, 0.717091
4, 4, 1, 0.550000, 0.763573, 0.550000, 1.000000, 0.709677, 0.709900, 0.709919
4, 5, 1, 0.550000, 0.779694, 0.550000, 1.000000, 0.709677, 0.709893, 0.713718
5, 1, 200, 0.450000, 0.720490, 0.363636, 0.500000, 0.421053, 0.740055, 0.742369
5, 2, 147, 0.583333, 0.707036, 0.478261, 0.458333, 0.468085, 0.740054, 0.741616
5, 3, 132, 0.566667, 0.710962, 0.458333, 0.458333, 0.458333, 0.740055, 0.740085
5, 4, 149, 0.616667, 0.704150, 0.526316, 0.416667, 0.465116, 0.740054, 0.752848
5, 5, 78, 0.616667, 0.703583, 0.526316, 0.416667, 0.465116, 0.740056, 0.751336
6, 1, 1, 0.583333, 0.685995, 0.600000, 0.794118, 0.683544, 0.707095, 0.707550
6, 2, 198, 0.600000, 0.696665, 0.656250, 0.617647, 0.636364, 0.707095, 0.711480
6, 3, 36, 0.650000, 0.717827, 0.882353, 0.441176, 0.588235, 0.707095, 0.711941
6, 4, 41, 0.600000, 0.696922, 0.656250, 0.617647, 0.636364, 0.707095, 0.707241
6, 5, 51, 0.600000, 0.696529, 0.656250, 0.617647, 0.636364, 0.707095, 0.707715
7, 1, 33, 0.483333, 0.731370, 0.480000, 0.400000, 0.436364, 0.728459, 0.728789
7, 2, 1, 0.450000, 0.737472, 0.468085, 0.733333, 0.571429, 0.728458, 0.732463
7, 3, 52, 0.483333, 0.731309, 0.480000, 0.400000, 0.436364, 0.728458, 0.728461
7, 4, 66, 0.550000, 0.739467, 0.636364, 0.233333, 0.341463, 0.728460, 0.738492
7, 5, 12, 0.483333, 0.731129, 0.480000, 0.400000, 0.436364, 0.728459, 0.730509
8, 1, 1, 0.616667, 0.693144, 0.616667, 1.000000, 0.762887, 0.702022, 0.702416
8, 2, 1, 0.616667, 0.693144, 0.616667, 1.000000, 0.762887, 0.702022, 0.702037
8, 3, 1, 0.616667, 0.693144, 0.616667, 1.000000, 0.762887, 0.702022, 0.704422
8, 4, 1, 0.616667, 0.693144, 0.616667, 1.000000, 0.762887, 0.702024, 0.702139
8, 5, 1, 0.616667, 0.693144, 0.616667, 1.000000, 0.762887, 0.702022, 0.708127
9, 1, 28, 0.616667, 0.690836, 0.562500, 0.360000, 0.439024, 0.703683, 0.705546
9, 2, 35, 0.616667, 0.691521, 0.562500, 0.360000, 0.439024, 0.703683, 0.704600
9, 3, 40, 0.616667, 0.691511, 0.562500, 0.360000, 0.439024, 0.703685, 0.704301
9, 4, 36, 0.616667, 0.691133, 0.562500, 0.360000, 0.439024, 0.703683, 0.704768
9, 5, 103, 0.616667, 0.690593, 0.562500, 0.360000, 0.439024, 0.703683, 0.712121
10, 1, 124, 0.616667, 0.704954, 0.750000, 0.387097, 0.510638, 0.709261, 0.711421
10, 2, 1, 0.500000, 0.722917, 0.508475, 0.967742, 0.666667, 0.709260, 0.712677
10, 3, 137, 0.600000, 0.701075, 0.666667, 0.451613, 0.538462, 0.709261, 0.711432
10, 4, 91, 0.550000, 0.698063, 0.558824, 0.612903, 0.584615, 0.709260, 0.714273
10, 5, 68, 0.600000, 0.700136, 0.640000, 0.516129, 0.571429, 0.709263, 0.713967
11, 1, 140, 0.616667, 0.712921, 0.866667, 0.382353, 0.530612, 0.703539, 0.703566
11, 2, 200, 0.616667, 0.712355, 0.866667, 0.382353, 0.530612, 0.703541, 0.713221
11, 3, 137, 0.616667, 0.710941, 0.823529, 0.411765, 0.549020, 0.703540, 0.706324
11, 4, 16, 0.550000, 0.693336, 0.561404, 0.941176, 0.703297, 0.703539, 0.703545
11, 5, 2, 0.550000, 0.692659, 0.563636, 0.911765, 0.696629, 0.703540, 0.725254
12, 1, 100, 0.616667, 0.689108, 0.800000, 0.153846, 0.258065, 0.702903, 0.707510
12, 2, 143, 0.600000, 0.689420, 0.666667, 0.153846, 0.250000, 0.702903, 0.703838
12, 3, 21, 0.616667, 0.689109, 0.800000, 0.153846, 0.258065, 0.702903, 0.709457
12, 4, 57, 0.600000, 0.690743, 0.571429, 0.307692, 0.400000, 0.702907, 0.707863
12, 5, 104, 0.600000, 0.690673, 0.571429, 0.307692, 0.400000, 0.702903, 0.705140
13, 1, 7, 0.616667, 0.691248, 0.720000, 0.529412, 0.610169, 0.687628, 0.689469
13, 2, 28, 0.616667, 0.691865, 0.720000, 0.529412, 0.610169, 0.687628, 0.690106
13, 3, 9, 0.616667, 0.689186, 0.703704, 0.558824, 0.622951, 0.687629, 0.690391
13, 4, 9, 0.616667, 0.691263, 0.720000, 0.529412, 0.610169, 0.687628, 0.688845
13, 5, 61, 0.616667, 0.691437, 0.720000, 0.529412, 0.610169, 0.687628, 0.691347
14, 1, 84, 0.600000, 0.684439, 0.695652, 0.484848, 0.571429, 0.705053, 0.705554
14, 2, 16, 0.600000, 0.678714, 0.628571, 0.666667, 0.647059, 0.705055, 0.712454
14, 3, 81, 0.600000, 0.678648, 0.628571, 0.666667, 0.647059, 0.705053, 0.705053
14, 4, 99, 0.600000, 0.678635, 0.628571, 0.666667, 0.647059, 0.705053, 0.706709
14, 5, 13, 0.600000, 0.678660, 0.628571, 0.666667, 0.647059, 0.705053, 0.705404
15, 1, 15, 0.566667, 0.714967, 0.526316, 0.714286, 0.606061, 0.684772, 0.685093
15, 2, 83, 0.566667, 0.714447, 0.526316, 0.714286, 0.606061, 0.684774, 0.685180
15, 3, 9, 0.566667, 0.714626, 0.526316, 0.714286, 0.606061, 0.684774, 0.691313
15, 4, 3, 0.566667, 0.715760, 0.525000, 0.750000, 0.617647, 0.684773, 0.702119
15, 5, 87, 0.566667, 0.714582, 0.526316, 0.714286, 0.606061, 0.684774, 0.688616
16, 1, 165, 0.550000, 0.696975, 0.000000, 0.000000, 0.000000, 0.690672, 0.690679
16, 2, 72, 0.550000, 0.696721, 0.000000, 0.000000, 0.000000, 0.690672, 0.696295
16, 3, 1, 0.450000, 0.839130, 0.450000, 1.000000, 0.620690, 0.690671, 0.692211
16, 4, 128, 0.550000, 0.696933, 0.000000, 0.000000, 0.000000, 0.690674, 0.691305
16, 5, 1, 0.450000, 0.839130, 0.450000, 1.000000, 0.620690, 0.690674, 0.691147
17, 1, 26, 0.666667, 0.686746, 0.717949, 0.756757, 0.736842, 0.699304, 0.700109
17, 2, 51, 0.666667, 0.685253, 0.717949, 0.756757, 0.736842, 0.699302, 0.701657
17, 3, 21, 0.666667, 0.687084, 0.717949, 0.756757, 0.736842, 0.699302, 0.699419
17, 4, 60, 0.666667, 0.685856, 0.717949, 0.756757, 0.736842, 0.699303, 0.699982
17, 5, 55, 0.666667, 0.685548, 0.717949, 0.756757, 0.736842, 0.699302, 0.699359
18, 1, 1, 0.516667, 0.749453, 0.516667, 1.000000, 0.681319, 0.698622, 0.705337
18, 2, 1, 0.516667, 0.765264, 0.516667, 1.000000, 0.681319, 0.698615, 0.699416
18, 3, 1, 0.516667, 0.749453, 0.516667, 1.000000, 0.681319, 0.698615, 0.702237
18, 4, 1, 0.516667, 0.765264, 0.516667, 1.000000, 0.681319, 0.698615, 0.699584
18, 5, 1, 0.516667, 0.765264, 0.516667, 1.000000, 0.681319, 0.698615, 0.698631
19, 1, 95, 0.583333, 0.694822, 0.600000, 0.727273, 0.657534, 0.700027, 0.703083
19, 2, 126, 0.583333, 0.694703, 0.600000, 0.727273, 0.657534, 0.700027, 0.708391
19, 3, 38, 0.583333, 0.694821, 0.600000, 0.727273, 0.657534, 0.700027, 0.703309
19, 4, 101, 0.583333, 0.694854, 0.600000, 0.727273, 0.657534, 0.700027, 0.701162
19, 5, 78, 0.583333, 0.694823, 0.600000, 0.727273, 0.657534, 0.700027, 0.701321
20, 1, 54, 0.550000, 0.703193, 0.543860, 0.968750, 0.696629, 0.690987, 0.691023
20, 2, 20, 0.550000, 0.703210, 0.543860, 0.968750, 0.696629, 0.690987, 0.691007
20, 3, 28, 0.550000, 0.703137, 0.543860, 0.968750, 0.696629, 0.690987, 0.691880
20, 4, 10, 0.533333, 0.704045, 0.534483, 0.968750, 0.688889, 0.690987, 0.691337
20, 5, 46, 0.550000, 0.703176, 0.543860, 0.968750, 0.696629, 0.690987, 0.693112
