# qvc TwoLocal incremental log
# combo: rotation_type=RX, entanglement=ring, ent_gate=IsingXX
# Columns: dim, num_layers, best_it, val_acc, val_loss, val_prec, val_rec, val_f1, lowest train loss, final train loss
2, 1, 24, 0.966667, 0.660254, 1.000000, 0.933333, 0.965517, 0.646901, 0.647124
2, 2, 141, 0.966667, 0.663611, 1.000000, 0.933333, 0.965517, 0.651309, 0.651309
2, 3, 107, 0.966667, 0.649582, 1.000000, 0.933333, 0.965517, 0.646905, 0.648561
2, 4, 161, 0.966667, 0.649551, 1.000000, 0.933333, 0.965517, 0.646905, 0.646999
2, 5, 68, 0.966667, 0.650249, 1.000000, 0.933333, 0.965517, 0.646902, 0.648373
3, 1, 2, 0.616667, 0.681392, 0.714286, 0.468750, 0.566038, 0.693980, 0.693998
3, 2, 125, 0.633333, 0.684798, 0.857143, 0.375000, 0.521739, 0.693037, 0.726516
3, 3, 2, 0.633333, 0.697477, 0.812500, 0.406250, 0.541667, 0.692937, 0.696788
3, 4, 136, 0.616667, 0.681616, 0.764706, 0.406250, 0.530612, 0.693578, 0.731377
3, 5, 43, 0.633333, 0.687624, 0.812500, 0.406250, 0.541667, 0.693089, 0.704067
4, 1, 10, 0.733333, 0.643977, 1.000000, 0.515152, 0.680000, 0.630113, 0.631845
4, 2, 1, 0.550000, 0.762768, 0.550000, 1.000000, 0.709677, 0.698925, 0.700320
4, 3, 15, 0.716667, 0.642182, 0.944444, 0.515152, 0.666667, 0.630124, 0.630643
4, 4, 1, 0.550000, 0.759526, 0.550000, 1.000000, 0.709677, 0.693609, 0.693963
4, 5, 10, 0.733333, 0.644719, 1.000000, 0.515152, 0.680000, 0.630111, 0.631995
5, 1, 15, 0.733333, 0.639903, 0.653846, 0.708333, 0.680000, 0.640940, 0.641758
5, 2, 110, 0.650000, 0.669664, 0.636364, 0.291667, 0.400000, 0.676135, 0.678686
5, 3, 18, 0.733333, 0.638832, 0.653846, 0.708333, 0.680000, 0.640966, 0.654361
5, 4, 49, 0.650000, 0.666720, 1.000000, 0.125000, 0.222222, 0.676110, 0.680224
5, 5, 14, 0.733333, 0.648232, 0.653846, 0.708333, 0.680000, 0.640947, 0.645239
6, 1, 23, 0.566667, 0.710889, 0.833333, 0.294118, 0.434783, 0.664116, 0.665950
6, 2, 50, 0.650000, 0.695941, 0.842105, 0.470588, 0.603774, 0.692228, 0.702488
6, 3, 156, 0.566667, 0.710740, 0.833333, 0.294118, 0.434783, 0.664110, 0.667648
6, 4, 1, 0.583333, 0.685548, 0.600000, 0.794118, 0.683544, 0.691972, 0.695808
6, 5, 15, 0.566667, 0.682340, 0.566667, 1.000000, 0.723404, 0.664116, 0.664720
7, 1, 10, 0.650000, 0.666159, 0.636364, 0.700000, 0.666667, 0.663641, 0.665953
7, 2, 34, 0.616667, 0.690435, 0.705882, 0.400000, 0.510638, 0.682623, 0.683602
7, 3, 26, 0.650000, 0.666463, 0.636364, 0.700000, 0.666667, 0.663679, 0.664809
7, 4, 20, 0.616667, 0.684452, 0.705882, 0.400000, 0.510638, 0.683354, 0.702225
7, 5, 88, 0.650000, 0.665510, 0.636364, 0.700000, 0.666667, 0.663671, 0.671465
8, 1, 28, 0.750000, 0.656713, 0.775000, 0.837838, 0.805195, 0.651865, 0.651922
8, 2, 1, 0.616667, 0.692434, 0.616667, 1.000000, 0.762887, 0.697836, 0.704698
8, 3, 140, 0.733333, 0.655763, 0.756098, 0.837838, 0.794872, 0.651878, 0.654418
8, 4, 1, 0.616667, 0.701517, 0.616667, 1.000000, 0.762887, 0.692583, 0.693549
8, 5, 63, 0.633333, 0.665433, 0.826087, 0.513514, 0.633333, 0.651872, 0.657576
9, 1, 79, 0.766667, 0.657370, 0.789474, 0.600000, 0.681818, 0.649787, 0.655600
9, 2, 22, 0.583333, 0.687177, 0.000000, 0.000000, 0.000000, 0.692123, 0.702604
9, 3, 55, 0.766667, 0.659384, 0.789474, 0.600000, 0.681818, 0.649796, 0.650030
9, 4, 34, 0.600000, 0.691103, 0.529412, 0.360000, 0.428571, 0.691421, 0.692921
9, 5, 13, 0.766667, 0.660581, 0.789474, 0.600000, 0.681818, 0.649789, 0.649828
10, 1, 107, 0.633333, 0.675652, 0.645161, 0.645161, 0.645161, 0.661628, 0.661676
10, 2, 32, 0.583333, 0.693787, 0.714286, 0.322581, 0.444444, 0.689525, 0.691990
10, 3, 88, 0.633333, 0.675700, 0.645161, 0.645161, 0.645161, 0.661630, 0.665082
10, 4, 30, 0.616667, 0.694771, 0.750000, 0.387097, 0.510638, 0.686540, 0.691983
10, 5, 20, 0.633333, 0.679070, 0.645161, 0.645161, 0.645161, 0.661630, 0.662356
11, 1, 21, 0.666667, 0.664532, 0.684211, 0.764706, 0.722222, 0.662332, 0.666243
11, 2, 69, 0.616667, 0.697213, 0.866667, 0.382353, 0.530612, 0.692899, 0.700530
11, 3, 55, 0.666667, 0.664882, 0.684211, 0.764706, 0.722222, 0.662337, 0.662809
11, 4, 29, 0.616667, 0.694704, 0.866667, 0.382353, 0.530612, 0.691523, 0.691831
11, 5, 68, 0.666667, 0.672358, 0.684211, 0.764706, 0.722222, 0.662333, 0.662653
12, 1, 137, 0.666667, 0.661989, 1.000000, 0.230769, 0.375000, 0.666415, 0.666518
12, 2, 18, 0.616667, 0.688092, 0.800000, 0.153846, 0.258065, 0.690863, 0.692408
12, 3, 3, 0.650000, 0.663233, 1.000000, 0.192308, 0.322581, 0.666408, 0.666921
12, 4, 29, 0.600000, 0.688968, 1.000000, 0.076923, 0.142857, 0.691591, 0.691865
12, 5, 3, 0.666667, 0.667154, 1.000000, 0.230769, 0.375000, 0.666455, 0.667133
13, 1, 28, 0.533333, 0.697977, 0.555556, 0.882353, 0.681818, 0.691227, 0.694582
13, 2, 7, 0.616667, 0.688840, 0.703704, 0.558824, 0.622951, 0.687569, 0.690425
13, 3, 136, 0.566667, 0.688023, 0.566667, 1.000000, 0.723404, 0.690583, 0.694937
13, 4, 62, 0.616667, 0.691413, 0.720000, 0.529412, 0.610169, 0.687530, 0.689166
13, 5, 17, 0.566667, 0.688429, 0.566667, 1.000000, 0.723404, 0.690665, 0.694768
14, 1, 16, 0.516667, 0.710095, 0.562500, 0.545455, 0.553846, 0.685374, 0.690244
14, 2, 17, 0.600000, 0.689045, 0.800000, 0.363636, 0.500000, 0.692197, 0.693693
14, 3, 63, 0.516667, 0.701294, 0.562500, 0.545455, 0.553846, 0.685375, 0.686841
14, 4, 5, 0.600000, 0.680627, 0.628571, 0.666667, 0.647059, 0.692193, 0.693353
14, 5, 181, 0.550000, 0.692672, 0.687500, 0.333333, 0.448980, 0.685378, 0.698758
15, 1, 4, 0.650000, 0.664893, 0.652174, 0.535714, 0.588235, 0.685872, 0.685931
15, 2, 176, 0.566667, 0.715583, 0.525000, 0.750000, 0.617647, 0.684765, 0.684791
15, 3, 5, 0.650000, 0.664969, 0.652174, 0.535714, 0.588235, 0.685429, 0.685718
15, 4, 78, 0.566667, 0.714027, 0.526316, 0.714286, 0.606061, 0.684751, 0.684910
15, 5, 8, 0.650000, 0.670210, 0.652174, 0.535714, 0.588235, 0.685435, 0.687383
16, 1, 77, 0.766667, 0.666144, 0.696970, 0.851852, 0.766667, 0.659402, 0.659481
16, 2, 46, 0.550000, 0.694750, 0.000000, 0.000000, 0.000000, 0.689532, 0.697292
16, 3, 60, 0.766667, 0.666294, 0.696970, 0.851852, 0.766667, 0.659403, 0.659537
16, 4, 24, 0.550000, 0.693283, 0.000000, 0.000000, 0.000000, 0.688176, 0.691753
16, 5, 9, 0.766667, 0.681010, 0.696970, 0.851852, 0.766667, 0.659405, 0.659440
17, 1, 39, 0.666667, 0.670316, 0.654545, 0.972973, 0.782609, 0.668821, 0.668845
17, 2, 91, 0.666667, 0.688629, 0.717949, 0.756757, 0.736842, 0.695804, 0.696277
17, 3, 88, 0.666667, 0.669405, 0.654545, 0.972973, 0.782609, 0.668821, 0.673158
17, 4, 94, 0.666667, 0.688401, 0.717949, 0.756757, 0.736842, 0.695462, 0.704181
17, 5, 141, 0.666667, 0.670588, 0.654545, 0.972973, 0.782609, 0.668825, 0.668847
18, 1, 84, 0.750000, 0.670763, 0.750000, 0.774194, 0.761905, 0.671150, 0.672055
18, 2, 103, 0.533333, 0.698756, 0.636364, 0.225806, 0.333333, 0.694414, 0.696726
18, 3, 71, 0.750000, 0.671272, 0.750000, 0.774194, 0.761905, 0.671191, 0.680987
18, 4, 104, 0.533333, 0.705716, 0.636364, 0.225806, 0.333333, 0.695915, 0.702379
18, 5, 49, 0.716667, 0.681239, 0.705882, 0.774194, 0.738462, 0.671158, 0.671481
19, 1, 22, 0.683333, 0.675312, 0.850000, 0.515152, 0.641509, 0.670109, 0.681540
19, 2, 86, 0.566667, 0.693823, 0.594595, 0.666667, 0.628571, 0.696133, 0.712617
19, 3, 11, 0.683333, 0.678032, 0.818182, 0.545455, 0.654545, 0.670112, 0.670995
19, 4, 32, 0.566667, 0.693755, 0.600000, 0.636364, 0.617647, 0.695847, 0.698757
19, 5, 40, 0.700000, 0.674820, 0.857143, 0.545455, 0.666667, 0.670106, 0.678212
20, 1, 27, 0.750000, 0.655344, 0.742857, 0.812500, 0.776119, 0.671477, 0.671484
20, 2, 16, 0.533333, 0.703235, 0.534483, 0.968750, 0.688889, 0.690745, 0.701278
20, 3, 10, 0.750000, 0.663436, 0.742857, 0.812500, 0.776119, 0.671472, 0.672069
20, 4, 7, 0.533333, 0.702881, 0.534483, 0.968750, 0.688889, 0.690735, 0.691084
20, 5, 23, 0.750000, 0.668070, 0.840000, 0.656250, 0.736842, 0.671474, 0.672355
