# qvc TwoLocal incremental log
# combo: rotation_type=Rot, entanglement=chain, ent_gate=CZ
# Columns: dim, num_layers, best_it, val_acc, val_loss, val_prec, val_rec, val_f1, lowest train loss, final train loss
2, 1, 147, 0.900000, 0.633494, 0.875000, 0.933333, 0.903226, 0.629269, 0.636226
2, 2, 63, 0.866667, 0.597989, 0.843750, 0.900000, 0.870968, 0.570837, 0.588982
2, 3, 83, 0.850000, 0.602429, 0.783784, 0.966667, 0.865672, 0.570464, 0.570464
2, 4, 60, 0.850000, 0.600403, 0.769231, 1.000000, 0.869565, 0.571048, 0.602513
2, 5, 53, 0.850000, 0.612359, 0.888889, 0.800000, 0.842105, 0.570646, 0.597618
3, 1, 174, 0.566667, 0.701326, 0.607143, 0.531250, 0.566667, 0.668324, 0.672825
3, 2, 165, 0.733333, 0.626542, 0.766667, 0.718750, 0.741935, 0.632902, 0.637710
3, 3, 99, 0.716667, 0.621873, 0.758621, 0.687500, 0.721311, 0.631700, 0.636245
3, 4, 134, 0.783333, 0.630034, 0.806452, 0.781250, 0.793651, 0.632500, 0.633334
3, 5, 66, 0.783333, 0.626185, 0.806452, 0.781250, 0.793651, 0.629757, 0.637060
4, 1, 1, 0.550000, 0.762399, 0.550000, 1.000000, 0.709677, 0.673276, 0.673276
4, 2, 133, 0.833333, 0.632677, 0.960000, 0.727273, 0.827586, 0.621033, 0.622417
4, 3, 162, 0.883333, 0.634510, 0.964286, 0.818182, 0.885246, 0.623031, 0.627911
4, 4, 79, 0.866667, 0.664151, 0.903226, 0.848485, 0.875000, 0.629311, 0.685400
4, 5, 144, 0.850000, 0.625857, 0.900000, 0.818182, 0.857143, 0.619806, 0.626529
5, 1, 183, 0.633333, 0.700343, 0.555556, 0.416667, 0.476190, 0.722192, 0.722192
5, 2, 187, 0.733333, 0.644502, 0.785714, 0.458333, 0.578947, 0.656298, 0.663320
5, 3, 196, 0.816667, 0.633354, 0.882353, 0.625000, 0.731707, 0.653086, 0.658224
5, 4, 172, 0.750000, 0.622748, 0.764706, 0.541667, 0.634146, 0.643153, 0.643153
5, 5, 130, 0.783333, 0.638245, 0.703704, 0.791667, 0.745098, 0.641411, 0.648082
6, 1, 39, 0.600000, 0.689461, 0.647059, 0.647059, 0.647059, 0.683692, 0.683692
6, 2, 95, 0.633333, 0.672194, 0.700000, 0.617647, 0.656250, 0.648393, 0.648954
6, 3, 58, 0.600000, 0.688202, 0.638889, 0.676471, 0.657143, 0.660302, 0.661149
6, 4, 162, 0.666667, 0.664190, 0.769231, 0.588235, 0.666667, 0.651492, 0.651492
6, 5, 193, 0.633333, 0.673877, 0.833333, 0.441176, 0.576923, 0.658255, 0.668504
7, 1, 195, 0.650000, 0.675929, 0.764706, 0.433333, 0.553191, 0.676898, 0.678609
7, 2, 147, 0.683333, 0.677411, 0.703704, 0.633333, 0.666667, 0.661998, 0.661998
7, 3, 166, 0.616667, 0.668042, 0.666667, 0.466667, 0.549020, 0.669630, 0.673660
7, 4, 153, 0.666667, 0.686969, 0.812500, 0.433333, 0.565217, 0.656826, 0.658688
7, 5, 176, 0.700000, 0.667931, 0.800000, 0.533333, 0.640000, 0.660400, 0.660400
8, 1, 1, 0.616667, 0.692281, 0.616667, 1.000000, 0.762887, 0.700412, 0.700412
8, 2, 1, 0.616667, 0.691833, 0.616667, 1.000000, 0.762887, 0.694697, 0.697345
8, 3, 1, 0.616667, 0.691593, 0.616667, 1.000000, 0.762887, 0.689045, 0.694196
8, 4, 141, 0.666667, 0.674581, 0.757576, 0.675676, 0.714286, 0.679503, 0.679503
8, 5, 147, 0.766667, 0.678932, 0.780488, 0.864865, 0.820513, 0.673632, 0.673666
9, 1, 85, 0.616667, 0.689846, 0.562500, 0.360000, 0.439024, 0.703383, 0.704120
9, 2, 49, 0.616667, 0.687232, 0.562500, 0.360000, 0.439024, 0.691970, 0.698559
9, 3, 142, 0.650000, 0.678712, 0.642857, 0.360000, 0.461538, 0.663244, 0.663244
9, 4, 145, 0.616667, 0.674092, 0.750000, 0.120000, 0.206897, 0.660369, 0.661206
9, 5, 85, 0.700000, 0.665464, 1.000000, 0.280000, 0.437500, 0.657981, 0.658913
10, 1, 33, 0.616667, 0.703216, 0.681818, 0.483871, 0.566038, 0.709330, 0.709707
10, 2, 15, 0.633333, 0.699129, 0.680000, 0.548387, 0.607143, 0.703823, 0.704144
10, 3, 25, 0.616667, 0.696203, 0.653846, 0.548387, 0.596491, 0.688537, 0.718755
10, 4, 190, 0.650000, 0.680481, 0.656250, 0.677419, 0.666667, 0.682660, 0.689012
10, 5, 156, 0.666667, 0.681182, 0.739130, 0.548387, 0.629630, 0.678981, 0.699796
11, 1, 35, 0.583333, 0.698076, 0.736842, 0.411765, 0.528302, 0.701280, 0.729406
11, 2, 183, 0.666667, 0.673166, 0.791667, 0.558824, 0.655172, 0.690363, 0.691467
11, 3, 198, 0.700000, 0.676419, 0.785714, 0.647059, 0.709677, 0.681264, 0.685247
11, 4, 185, 0.716667, 0.672492, 0.729730, 0.794118, 0.760563, 0.682750, 0.682750
11, 5, 20, 0.616667, 0.691025, 0.720000, 0.529412, 0.610169, 0.681986, 0.696388
12, 1, 160, 0.666667, 0.680224, 0.875000, 0.269231, 0.411765, 0.697124, 0.701730
12, 2, 7, 0.633333, 0.679920, 0.625000, 0.384615, 0.476190, 0.681131, 0.681911
12, 3, 165, 0.700000, 0.658942, 0.833333, 0.384615, 0.526316, 0.683649, 0.778463
12, 4, 154, 0.733333, 0.660514, 0.916667, 0.423077, 0.578947, 0.676840, 0.683878
12, 5, 161, 0.700000, 0.679123, 0.785714, 0.423077, 0.550000, 0.672602, 0.677771
13, 1, 194, 0.666667, 0.676083, 1.000000, 0.411765, 0.583333, 0.672010, 0.672265
13, 2, 182, 0.683333, 0.668332, 0.800000, 0.588235, 0.677966, 0.673394, 0.677571
13, 3, 49, 0.683333, 0.676125, 0.800000, 0.588235, 0.677966, 0.671305, 0.672325
13, 4, 162, 0.716667, 0.661373, 0.840000, 0.617647, 0.711864, 0.670438, 0.674364
13, 5, 184, 0.716667, 0.664296, 0.774194, 0.705882, 0.738462, 0.669960, 0.671578
14, 1, 170, 0.733333, 0.669417, 0.904762, 0.575758, 0.703704, 0.677511, 0.677511
14, 2, 135, 0.733333, 0.669211, 0.869565, 0.606061, 0.714286, 0.676479, 0.676702
14, 3, 23, 0.700000, 0.670477, 0.826087, 0.575758, 0.678571, 0.667933, 0.670512
14, 4, 156, 0.750000, 0.655939, 0.800000, 0.727273, 0.761905, 0.663316, 0.665046
14, 5, 75, 0.700000, 0.675500, 0.800000, 0.606061, 0.689655, 0.667617, 0.669604
15, 1, 187, 0.616667, 0.693324, 0.571429, 0.714286, 0.634921, 0.669612, 0.670331
15, 2, 161, 0.666667, 0.679922, 0.633333, 0.678571, 0.655172, 0.665655, 0.665655
15, 3, 199, 0.650000, 0.683813, 0.589744, 0.821429, 0.686567, 0.667996, 0.668117
15, 4, 145, 0.666667, 0.683481, 0.633333, 0.678571, 0.655172, 0.664589, 0.703641
15, 5, 146, 0.650000, 0.675762, 0.640000, 0.571429, 0.603774, 0.667364, 0.680280
16, 1, 1, 0.450000, 0.836789, 0.450000, 1.000000, 0.620690, 0.690174, 0.692384
16, 2, 196, 0.750000, 0.679683, 0.750000, 0.666667, 0.705882, 0.669982, 0.674432
16, 3, 115, 0.550000, 0.692750, 0.000000, 0.000000, 0.000000, 0.683049, 0.683554
16, 4, 81, 0.566667, 0.693907, 0.666667, 0.074074, 0.133333, 0.681485, 0.681485
16, 5, 184, 0.700000, 0.677999, 1.000000, 0.333333, 0.500000, 0.671665, 0.675628
17, 1, 119, 0.683333, 0.687271, 0.764706, 0.702703, 0.732394, 0.699688, 0.705312
17, 2, 17, 0.683333, 0.680545, 0.736842, 0.756757, 0.746667, 0.686364, 0.696724
17, 3, 26, 0.650000, 0.679078, 0.681818, 0.810811, 0.740741, 0.680140, 0.686672
17, 4, 1, 0.616667, 0.668509, 0.616667, 1.000000, 0.762887, 0.676774, 0.677516
17, 5, 1, 0.616667, 0.665934, 0.616667, 1.000000, 0.762887, 0.674554, 0.687460
18, 1, 1, 0.516667, 0.746118, 0.516667, 1.000000, 0.681319, 0.696778, 0.697242
18, 2, 173, 0.650000, 0.686931, 0.638889, 0.741935, 0.686567, 0.685237, 0.690076
18, 3, 118, 0.600000, 0.688128, 0.585366, 0.774194, 0.666667, 0.684921, 0.685104
18, 4, 129, 0.650000, 0.682561, 0.638889, 0.741935, 0.686567, 0.682015, 0.694572
18, 5, 152, 0.600000, 0.687056, 0.585366, 0.774194, 0.666667, 0.682868, 0.686192
19, 1, 82, 0.600000, 0.693168, 0.628571, 0.666667, 0.647059, 0.696785, 0.710624
19, 2, 169, 0.633333, 0.689323, 0.720000, 0.545455, 0.620690, 0.683986, 0.705120
19, 3, 47, 0.600000, 0.692879, 0.680000, 0.515152, 0.586207, 0.678994, 0.678994
19, 4, 104, 0.600000, 0.690599, 0.600000, 0.818182, 0.692308, 0.673587, 0.673801
19, 5, 166, 0.600000, 0.687488, 0.604651, 0.787879, 0.684211, 0.679097, 0.684308
20, 1, 5, 0.550000, 0.704068, 0.543860, 0.968750, 0.696629, 0.689285, 0.704183
20, 2, 130, 0.583333, 0.709521, 0.888889, 0.250000, 0.390244, 0.685781, 0.690052
20, 3, 29, 0.566667, 0.708436, 0.800000, 0.250000, 0.380952, 0.678936, 0.681414
20, 4, 8, 0.566667, 0.707354, 0.800000, 0.250000, 0.380952, 0.685542, 0.689078
20, 5, 123, 0.600000, 0.689483, 0.681818, 0.468750, 0.555556, 0.679547, 0.696109
