# qvc TwoLocal incremental log
# combo: rotation_type=RY, entanglement=full, ent_gate=CNOT
# Columns: dim, num_layers, best_it, val_acc, val_loss, val_prec, val_rec, val_f1, lowest train loss, final train loss
2, 1, 185, 0.883333, 0.639079, 0.870968, 0.900000, 0.885246, 0.634745, 0.634745
2, 2, 172, 0.766667, 0.606118, 0.735294, 0.833333, 0.781250, 0.572754, 0.575252
2, 3, 16, 0.883333, 0.617284, 0.896552, 0.866667, 0.881356, 0.570859, 0.572480
2, 4, 64, 0.850000, 0.601411, 0.862069, 0.833333, 0.847458, 0.570320, 0.588628
2, 5, 13, 0.883333, 0.614190, 0.848485, 0.933333, 0.888889, 0.570281, 0.580938
3, 1, 160, 0.633333, 0.684413, 0.692308, 0.562500, 0.620690, 0.668163, 0.671233
3, 2, 92, 0.716667, 0.631645, 0.758621, 0.687500, 0.721311, 0.631857, 0.636150
3, 3, 174, 0.800000, 0.623372, 0.794118, 0.843750, 0.818182, 0.630051, 0.637319
3, 4, 179, 0.750000, 0.628672, 0.793103, 0.718750, 0.754098, 0.631529, 0.641151
3, 5, 59, 0.750000, 0.619007, 0.757576, 0.781250, 0.769231, 0.630785, 0.655326
4, 1, 193, 0.833333, 0.670234, 0.925926, 0.757576, 0.833333, 0.675262, 0.678216
4, 2, 1, 0.550000, 0.761409, 0.550000, 1.000000, 0.709677, 0.678020, 0.678020
4, 3, 18, 0.966667, 0.627805, 1.000000, 0.939394, 0.968750, 0.613139, 0.615141
4, 4, 32, 0.866667, 0.607633, 0.903226, 0.848485, 0.875000, 0.598217, 0.604765
4, 5, 181, 0.883333, 0.604551, 0.906250, 0.878788, 0.892308, 0.607900, 0.617464
5, 1, 117, 0.600000, 0.700613, 0.500000, 0.375000, 0.428571, 0.740337, 0.749601
5, 2, 147, 0.700000, 0.651856, 0.636364, 0.583333, 0.608696, 0.644937, 0.644937
5, 3, 163, 0.816667, 0.624505, 0.842105, 0.666667, 0.744186, 0.634306, 0.641808
5, 4, 112, 0.833333, 0.631734, 0.818182, 0.750000, 0.782609, 0.625914, 0.625914
5, 5, 46, 0.783333, 0.617390, 0.789474, 0.625000, 0.697674, 0.626017, 0.628092
6, 1, 31, 0.600000, 0.689537, 0.647059, 0.647059, 0.647059, 0.683109, 0.683109
6, 2, 5, 0.600000, 0.689197, 0.656250, 0.617647, 0.636364, 0.654150, 0.668409
6, 3, 1, 0.583333, 0.685901, 0.595745, 0.823529, 0.691358, 0.659274, 0.662582
6, 4, 156, 0.733333, 0.656089, 0.781250, 0.735294, 0.757576, 0.648463, 0.649669
6, 5, 9, 0.633333, 0.697475, 0.772727, 0.500000, 0.607143, 0.645007, 0.662874
7, 1, 188, 0.600000, 0.684501, 0.687500, 0.366667, 0.478261, 0.684096, 0.684096
7, 2, 188, 0.666667, 0.664930, 0.647059, 0.733333, 0.687500, 0.653059, 0.656430
7, 3, 171, 0.633333, 0.668177, 0.700000, 0.466667, 0.560000, 0.657840, 0.663680
7, 4, 171, 0.733333, 0.651095, 0.750000, 0.700000, 0.724138, 0.642005, 0.671843
7, 5, 172, 0.716667, 0.651553, 0.782609, 0.600000, 0.679245, 0.645286, 0.649532
8, 1, 1, 0.616667, 0.703943, 0.616667, 1.000000, 0.762887, 0.704522, 0.711279
8, 2, 1, 0.616667, 0.691592, 0.616667, 1.000000, 0.762887, 0.695837, 0.697751
8, 3, 1, 0.616667, 0.689959, 0.616667, 1.000000, 0.762887, 0.658969, 0.658969
8, 4, 183, 0.666667, 0.651664, 0.774194, 0.648649, 0.705882, 0.666914, 0.670314
8, 5, 158, 0.683333, 0.652913, 0.821429, 0.621622, 0.707692, 0.651173, 0.665097
9, 1, 115, 0.600000, 0.688744, 0.533333, 0.320000, 0.400000, 0.705972, 0.719870
9, 2, 141, 0.616667, 0.680750, 1.000000, 0.080000, 0.148148, 0.687871, 0.694010
9, 3, 194, 0.733333, 0.656568, 0.764706, 0.520000, 0.619048, 0.646440, 0.647950
9, 4, 196, 0.666667, 0.673291, 0.600000, 0.600000, 0.600000, 0.648463, 0.662678
9, 5, 98, 0.700000, 0.664340, 0.652174, 0.600000, 0.625000, 0.643357, 0.652381
10, 1, 106, 0.616667, 0.703446, 0.681818, 0.483871, 0.566038, 0.709987, 0.710223
10, 2, 18, 0.633333, 0.700140, 0.736842, 0.451613, 0.560000, 0.688318, 0.692374
10, 3, 182, 0.616667, 0.661153, 0.595238, 0.806452, 0.684932, 0.656952, 0.658265
10, 4, 33, 0.600000, 0.702352, 0.705882, 0.387097, 0.500000, 0.665060, 0.670448
10, 5, 130, 0.716667, 0.660407, 0.850000, 0.548387, 0.666667, 0.650641, 0.651799
11, 1, 124, 0.600000, 0.705022, 0.857143, 0.352941, 0.500000, 0.701670, 0.704049
11, 2, 149, 0.650000, 0.671084, 0.724138, 0.617647, 0.666667, 0.672974, 0.672974
11, 3, 11, 0.633333, 0.706158, 0.875000, 0.411765, 0.560000, 0.666545, 0.667820
11, 4, 152, 0.666667, 0.670922, 0.750000, 0.617647, 0.677419, 0.679567, 0.690845
11, 5, 173, 0.716667, 0.670732, 0.793103, 0.676471, 0.730159, 0.661030, 0.661950
12, 1, 189, 0.650000, 0.683581, 0.692308, 0.346154, 0.461538, 0.699962, 0.714178
12, 2, 64, 0.650000, 0.679715, 1.000000, 0.192308, 0.322581, 0.668194, 0.668194
12, 3, 5, 0.650000, 0.679756, 0.777778, 0.269231, 0.400000, 0.661922, 0.662022
12, 4, 25, 0.666667, 0.675599, 0.875000, 0.269231, 0.411765, 0.666719, 0.677069
12, 5, 193, 0.683333, 0.668878, 0.705882, 0.461538, 0.558140, 0.654790, 0.668476
13, 1, 185, 0.666667, 0.668784, 0.769231, 0.588235, 0.666667, 0.674011, 0.680784
13, 2, 196, 0.733333, 0.661986, 0.909091, 0.588235, 0.714286, 0.666751, 0.674204
13, 3, 167, 0.716667, 0.651552, 0.840000, 0.617647, 0.711864, 0.661719, 0.671159
13, 4, 65, 0.683333, 0.670737, 0.894737, 0.500000, 0.641509, 0.660584, 0.665569
13, 5, 80, 0.683333, 0.671325, 0.894737, 0.500000, 0.641509, 0.662523, 0.663142
14, 1, 186, 0.716667, 0.667420, 0.807692, 0.636364, 0.711864, 0.679318, 0.679961
14, 2, 87, 0.633333, 0.675570, 0.761905, 0.484848, 0.592593, 0.672208, 0.676202
14, 3, 85, 0.666667, 0.667945, 0.696970, 0.696970, 0.696970, 0.661478, 0.667709
14, 4, 41, 0.666667, 0.674098, 0.809524, 0.515152, 0.629630, 0.659223, 0.659223
14, 5, 6, 0.650000, 0.678225, 0.833333, 0.454545, 0.588235, 0.659722, 0.661366
15, 1, 79, 0.600000, 0.709378, 0.550000, 0.785714, 0.647059, 0.671133, 0.672818
15, 2, 120, 0.633333, 0.694838, 0.588235, 0.714286, 0.645161, 0.666566, 0.669313
15, 3, 12, 0.566667, 0.715504, 0.526316, 0.714286, 0.606061, 0.664087, 0.664087
15, 4, 173, 0.683333, 0.669842, 0.655172, 0.678571, 0.666667, 0.659543, 0.678646
15, 5, 74, 0.616667, 0.690908, 0.580645, 0.642857, 0.610169, 0.664206, 0.670446
16, 1, 1, 0.450000, 0.869458, 0.450000, 1.000000, 0.620690, 0.690379, 0.690379
16, 2, 18, 0.566667, 0.695897, 1.000000, 0.037037, 0.071429, 0.691677, 0.695266
16, 3, 116, 0.600000, 0.694890, 0.800000, 0.148148, 0.250000, 0.688602, 0.688602
16, 4, 18, 0.833333, 0.667313, 0.757576, 0.925926, 0.833333, 0.656874, 0.669850
16, 5, 160, 0.600000, 0.675729, 0.542857, 0.703704, 0.612903, 0.669584, 0.669584
17, 1, 111, 0.666667, 0.682603, 0.707317, 0.783784, 0.743590, 0.699970, 0.703736
17, 2, 170, 0.700000, 0.669242, 0.756757, 0.756757, 0.756757, 0.681943, 0.689639
17, 3, 50, 0.700000, 0.678838, 0.743590, 0.783784, 0.763158, 0.665409, 0.665409
17, 4, 23, 0.716667, 0.674503, 0.750000, 0.810811, 0.779221, 0.667497, 0.672187
17, 5, 6, 0.666667, 0.676529, 0.707317, 0.783784, 0.743590, 0.672360, 0.681104
18, 1, 1, 0.516667, 0.747646, 0.516667, 1.000000, 0.681319, 0.696946, 0.697136
18, 2, 195, 0.550000, 0.708444, 0.833333, 0.161290, 0.270270, 0.688607, 0.694403
18, 3, 109, 0.583333, 0.696708, 0.562500, 0.870968, 0.683544, 0.673269, 0.689808
18, 4, 166, 0.616667, 0.684422, 0.576923, 0.967742, 0.722892, 0.661458, 0.669387
18, 5, 198, 0.616667, 0.683907, 0.653846, 0.548387, 0.596491, 0.665159, 0.680420
19, 1, 101, 0.600000, 0.693212, 0.628571, 0.666667, 0.647059, 0.696817, 0.698244
19, 2, 94, 0.600000, 0.683951, 0.588235, 0.909091, 0.714286, 0.678387, 0.684655
19, 3, 140, 0.633333, 0.691895, 0.739130, 0.515152, 0.607143, 0.663873, 0.694782
19, 4, 60, 0.600000, 0.690753, 0.595745, 0.848485, 0.700000, 0.658367, 0.660455
19, 5, 191, 0.616667, 0.667751, 0.619048, 0.787879, 0.693333, 0.655882, 0.657955
20, 1, 4, 0.533333, 0.704359, 0.534483, 0.968750, 0.688889, 0.689656, 0.691321
20, 2, 20, 0.583333, 0.702366, 0.563636, 0.968750, 0.712644, 0.677907, 0.682883
20, 3, 69, 0.566667, 0.705177, 1.000000, 0.187500, 0.315789, 0.680811, 0.689431
20, 4, 172, 0.600000, 0.689446, 0.785714, 0.343750, 0.478261, 0.671135, 0.675224
20, 5, 123, 0.600000, 0.693283, 0.833333, 0.312500, 0.454545, 0.676980, 0.685791
