# qvc TwoLocal incremental log
# combo: rotation_type=Rot, entanglement=pairwise, ent_gate=IsingXX
# Columns: dim, num_layers, best_it, val_acc, val_loss, val_prec, val_rec, val_f1, lowest train loss, final train loss
2, 1, 77, 0.816667, 0.600583, 0.880000, 0.733333, 0.800000, 0.574484, 0.586120
2, 2, 57, 0.866667, 0.633258, 0.866667, 0.866667, 0.866667, 0.579005, 0.601851
2, 3, 9, 0.866667, 0.631107, 0.866667, 0.866667, 0.866667, 0.571129, 0.572762
2, 4, 72, 0.833333, 0.597734, 0.750000, 1.000000, 0.857143, 0.571238, 0.578018
2, 5, 156, 0.833333, 0.596164, 0.777778, 0.933333, 0.848485, 0.570656, 0.579898
3, 1, 99, 0.683333, 0.673204, 0.882353, 0.468750, 0.612245, 0.643934, 0.661424
3, 2, 139, 0.766667, 0.642587, 0.800000, 0.750000, 0.774194, 0.642064, 0.644005
3, 3, 72, 0.816667, 0.632534, 0.800000, 0.875000, 0.835821, 0.633548, 0.663834
3, 4, 39, 0.733333, 0.645904, 0.750000, 0.750000, 0.750000, 0.638108, 0.672053
3, 5, 194, 0.800000, 0.633543, 0.777778, 0.875000, 0.823529, 0.638924, 0.644936
4, 1, 51, 0.816667, 0.630393, 0.805556, 0.878788, 0.840580, 0.618470, 0.618670
4, 2, 176, 0.750000, 0.649337, 0.875000, 0.636364, 0.736842, 0.630226, 0.631965
4, 3, 70, 0.850000, 0.637785, 0.961538, 0.757576, 0.847458, 0.617421, 0.620100
4, 4, 43, 0.816667, 0.631923, 0.958333, 0.696970, 0.807018, 0.618461, 0.626036
4, 5, 8, 0.833333, 0.657062, 0.960000, 0.727273, 0.827586, 0.617975, 0.629289
5, 1, 63, 0.816667, 0.646819, 0.760000, 0.791667, 0.775510, 0.644878, 0.644878
5, 2, 123, 0.716667, 0.668998, 0.705882, 0.500000, 0.585366, 0.659726, 0.659726
5, 3, 101, 0.800000, 0.640980, 0.800000, 0.666667, 0.727273, 0.644052, 0.647659
5, 4, 152, 0.750000, 0.629420, 0.909091, 0.416667, 0.571429, 0.643928, 0.647919
5, 5, 33, 0.783333, 0.645993, 0.761905, 0.666667, 0.711111, 0.648114, 0.668260
6, 1, 31, 0.766667, 0.666686, 0.916667, 0.647059, 0.758621, 0.649429, 0.649664
6, 2, 161, 0.650000, 0.669301, 0.709677, 0.647059, 0.676923, 0.649373, 0.659977
6, 3, 135, 0.733333, 0.657450, 0.736842, 0.823529, 0.777778, 0.658538, 0.659703
6, 4, 20, 0.700000, 0.671552, 0.833333, 0.588235, 0.689655, 0.648495, 0.662145
6, 5, 77, 0.700000, 0.662751, 0.766667, 0.676471, 0.718750, 0.656013, 0.675798
7, 1, 117, 0.650000, 0.677795, 0.636364, 0.700000, 0.666667, 0.657898, 0.661945
7, 2, 184, 0.816667, 0.648106, 0.913043, 0.700000, 0.792453, 0.648414, 0.677572
7, 3, 106, 0.816667, 0.649155, 0.913043, 0.700000, 0.792453, 0.649270, 0.649857
7, 4, 194, 0.700000, 0.657262, 0.750000, 0.600000, 0.666667, 0.649389, 0.663746
7, 5, 95, 0.733333, 0.655760, 0.750000, 0.700000, 0.724138, 0.647172, 0.650993
8, 1, 132, 0.616667, 0.681561, 0.634615, 0.891892, 0.741573, 0.690136, 0.690313
8, 2, 182, 0.783333, 0.652034, 0.833333, 0.810811, 0.821918, 0.665868, 0.676073
8, 3, 24, 0.883333, 0.670666, 0.894737, 0.918919, 0.906667, 0.660459, 0.682130
8, 4, 83, 0.650000, 0.652309, 0.648148, 0.945946, 0.769231, 0.671309, 0.672719
8, 5, 95, 0.816667, 0.661233, 1.000000, 0.702703, 0.825397, 0.659008, 0.663916
9, 1, 79, 0.716667, 0.683615, 0.625000, 0.800000, 0.701754, 0.656457, 0.659539
9, 2, 32, 0.616667, 0.678184, 1.000000, 0.080000, 0.148148, 0.661213, 0.664204
9, 3, 75, 0.633333, 0.683980, 0.551724, 0.640000, 0.592593, 0.660539, 0.667222
9, 4, 183, 0.650000, 0.674896, 0.750000, 0.240000, 0.363636, 0.659652, 0.663863
9, 5, 2, 0.666667, 0.688196, 0.580645, 0.720000, 0.642857, 0.654334, 0.659225
10, 1, 24, 0.800000, 0.689062, 0.913043, 0.677419, 0.777778, 0.668592, 0.679248
10, 2, 111, 0.650000, 0.677066, 0.727273, 0.516129, 0.603774, 0.671670, 0.672254
10, 3, 169, 0.766667, 0.656862, 0.757576, 0.806452, 0.781250, 0.667908, 0.669760
10, 4, 199, 0.666667, 0.675371, 0.923077, 0.387097, 0.545455, 0.677198, 0.687027
10, 5, 29, 0.766667, 0.663942, 0.840000, 0.677419, 0.750000, 0.670665, 0.672287
11, 1, 40, 0.616667, 0.680485, 0.677419, 0.617647, 0.646154, 0.673583, 0.679419
11, 2, 104, 0.600000, 0.682527, 0.750000, 0.441176, 0.555556, 0.670308, 0.676040
11, 3, 172, 0.766667, 0.661460, 0.884615, 0.676471, 0.766667, 0.665870, 0.668520
11, 4, 168, 0.683333, 0.665078, 0.800000, 0.588235, 0.677966, 0.667998, 0.668447
11, 5, 178, 0.683333, 0.675239, 0.714286, 0.735294, 0.724638, 0.668443, 0.674143
12, 1, 102, 0.733333, 0.671291, 0.750000, 0.576923, 0.652174, 0.670742, 0.671293
12, 2, 137, 0.766667, 0.663606, 0.800000, 0.615385, 0.695652, 0.671599, 0.675350
12, 3, 181, 0.750000, 0.657675, 0.823529, 0.538462, 0.651163, 0.668634, 0.687444
12, 4, 171, 0.800000, 0.661580, 0.791667, 0.730769, 0.760000, 0.663662, 0.670857
12, 5, 189, 0.766667, 0.656012, 0.800000, 0.615385, 0.695652, 0.664634, 0.670191
13, 1, 71, 0.683333, 0.683106, 0.659574, 0.911765, 0.765432, 0.681083, 0.683633
13, 2, 179, 0.750000, 0.670126, 0.880000, 0.647059, 0.745763, 0.674063, 0.674063
13, 3, 149, 0.733333, 0.671591, 1.000000, 0.529412, 0.692308, 0.667316, 0.667348
13, 4, 152, 0.700000, 0.658479, 0.735294, 0.735294, 0.735294, 0.665312, 0.699207
13, 5, 168, 0.833333, 0.650658, 0.928571, 0.764706, 0.838710, 0.659613, 0.742538
14, 1, 167, 0.666667, 0.680848, 0.882353, 0.454545, 0.600000, 0.671717, 0.673649
14, 2, 164, 0.716667, 0.664458, 0.833333, 0.606061, 0.701754, 0.670626, 0.670626
14, 3, 186, 0.666667, 0.666113, 0.740741, 0.606061, 0.666667, 0.666657, 0.681707
14, 4, 195, 0.750000, 0.667905, 0.909091, 0.606061, 0.727273, 0.664076, 0.714406
14, 5, 61, 0.733333, 0.679724, 0.840000, 0.636364, 0.724138, 0.669506, 0.689298
15, 1, 200, 0.650000, 0.684505, 0.818182, 0.321429, 0.461538, 0.683392, 0.687545
15, 2, 101, 0.650000, 0.677705, 0.888889, 0.285714, 0.432432, 0.669353, 0.669353
15, 3, 141, 0.700000, 0.659864, 0.916667, 0.392857, 0.550000, 0.668371, 0.669841
15, 4, 190, 0.716667, 0.656441, 0.703704, 0.678571, 0.690909, 0.665108, 0.676804
15, 5, 116, 0.716667, 0.659255, 0.720000, 0.642857, 0.679245, 0.669047, 0.679676
16, 1, 49, 0.733333, 0.680357, 0.866667, 0.481481, 0.619048, 0.659734, 0.674225
16, 2, 69, 0.666667, 0.683246, 0.666667, 0.518519, 0.583333, 0.667260, 0.667260
16, 3, 125, 0.716667, 0.675954, 0.708333, 0.629630, 0.666667, 0.658332, 0.661915
16, 4, 102, 0.716667, 0.674581, 0.777778, 0.518519, 0.622222, 0.660339, 0.663497
16, 5, 75, 0.733333, 0.679394, 0.703704, 0.703704, 0.703704, 0.657595, 0.658847
17, 1, 63, 0.750000, 0.682914, 0.789474, 0.810811, 0.800000, 0.667030, 0.667302
17, 2, 108, 0.666667, 0.681856, 0.774194, 0.648649, 0.705882, 0.666788, 0.669858
17, 3, 95, 0.650000, 0.678639, 0.637931, 1.000000, 0.778947, 0.663703, 0.671457
17, 4, 19, 0.650000, 0.683451, 0.710526, 0.729730, 0.720000, 0.665332, 0.665873
17, 5, 101, 0.716667, 0.668248, 0.727273, 0.864865, 0.790123, 0.668702, 0.668702
18, 1, 191, 0.716667, 0.674208, 0.652174, 0.967742, 0.779221, 0.672728, 0.676049
18, 2, 101, 0.650000, 0.676763, 0.678571, 0.612903, 0.644068, 0.672960, 0.675176
18, 3, 98, 0.750000, 0.674727, 0.722222, 0.838710, 0.776119, 0.670036, 0.670086
18, 4, 156, 0.716667, 0.671874, 0.718750, 0.741935, 0.730159, 0.668925, 0.672286
18, 5, 104, 0.733333, 0.674654, 0.727273, 0.774194, 0.750000, 0.670739, 0.672355
19, 1, 85, 0.633333, 0.684387, 0.703704, 0.575758, 0.633333, 0.675138, 0.702517
19, 2, 184, 0.650000, 0.676986, 0.615385, 0.969697, 0.752941, 0.672599, 0.673229
19, 3, 179, 0.816667, 0.674256, 0.843750, 0.818182, 0.830769, 0.675651, 0.689307
19, 4, 146, 0.666667, 0.681519, 0.666667, 0.787879, 0.722222, 0.673180, 0.673502
19, 5, 197, 0.683333, 0.679803, 0.818182, 0.545455, 0.654545, 0.674171, 0.674641
20, 1, 43, 0.633333, 0.693361, 0.678571, 0.593750, 0.633333, 0.679705, 0.679779
20, 2, 89, 0.633333, 0.689441, 0.750000, 0.468750, 0.576923, 0.676906, 0.677215
20, 3, 148, 0.733333, 0.679754, 0.944444, 0.531250, 0.680000, 0.673930, 0.676600
20, 4, 181, 0.583333, 0.686985, 0.606061, 0.625000, 0.615385, 0.677975, 0.685035
20, 5, 171, 0.666667, 0.683934, 0.928571, 0.406250, 0.565217, 0.672306, 0.673934
