# qvc TwoLocal incremental log
# combo: rotation_type=RZ, entanglement=full, ent_gate=CNOT
# Columns: dim, num_layers, best_it, val_acc, val_loss, val_prec, val_rec, val_f1, lowest train loss, final train loss
2, 1, 2, 0.483333, 0.860730, 0.491525, 0.966667, 0.651685, 0.753416, 0.754206
2, 2, 1, 0.466667, 0.849994, 0.482759, 0.933333, 0.636364, 0.753415, 0.753844
2, 3, 41, 0.500000, 0.752963, 0.000000, 0.000000, 0.000000, 0.753415, 0.773272
2, 4, 52, 0.500000, 0.753057, 0.000000, 0.000000, 0.000000, 0.753414, 0.758087
2, 5, 1, 0.466667, 0.829996, 0.482759, 0.933333, 0.636364, 0.753414, 0.753440
3, 1, 83, 0.466667, 0.797345, 0.500000, 0.500000, 0.500000, 0.731885, 0.738259
3, 2, 157, 0.516667, 0.825844, 0.588235, 0.312500, 0.408163, 0.731885, 0.732318
3, 3, 46, 0.483333, 0.799688, 0.516129, 0.500000, 0.507937, 0.731885, 0.737546
3, 4, 69, 0.466667, 0.797339, 0.500000, 0.500000, 0.500000, 0.731885, 0.731937
3, 5, 19, 0.466667, 0.797790, 0.500000, 0.500000, 0.500000, 0.731886, 0.736347
4, 1, 1, 0.550000, 0.763573, 0.550000, 1.000000, 0.709677, 0.709890, 0.721088
4, 2, 1, 0.550000, 0.763573, 0.550000, 1.000000, 0.709677, 0.709891, 0.711561
4, 3, 1, 0.550000, 0.763573, 0.550000, 1.000000, 0.709677, 0.709891, 0.710472
4, 4, 1, 0.550000, 0.763573, 0.550000, 1.000000, 0.709677, 0.709891, 0.711835
4, 5, 1, 0.550000, 0.763573, 0.550000, 1.000000, 0.709677, 0.709890, 0.709902
5, 1, 132, 0.566667, 0.710970, 0.458333, 0.458333, 0.458333, 0.740055, 0.740248
5, 2, 159, 0.550000, 0.711211, 0.440000, 0.458333, 0.448980, 0.740055, 0.744532
5, 3, 32, 0.483333, 0.717309, 0.387097, 0.500000, 0.436364, 0.740054, 0.740199
5, 4, 21, 0.616667, 0.704062, 0.526316, 0.416667, 0.465116, 0.740055, 0.744092
5, 5, 86, 0.566667, 0.710002, 0.458333, 0.458333, 0.458333, 0.740056, 0.746895
6, 1, 1, 0.583333, 0.685995, 0.600000, 0.794118, 0.683544, 0.707095, 0.709827
6, 2, 27, 0.600000, 0.696627, 0.656250, 0.617647, 0.636364, 0.707095, 0.716016
6, 3, 18, 0.583333, 0.686693, 0.595745, 0.823529, 0.691358, 0.707095, 0.707117
6, 4, 29, 0.650000, 0.717835, 0.882353, 0.441176, 0.588235, 0.707095, 0.708482
6, 5, 1, 0.583333, 0.685995, 0.600000, 0.794118, 0.683544, 0.707095, 0.707235
7, 1, 153, 0.500000, 0.732624, 0.500000, 0.366667, 0.423077, 0.728459, 0.728791
7, 2, 160, 0.516667, 0.733964, 0.523810, 0.366667, 0.431373, 0.728459, 0.735904
7, 3, 89, 0.483333, 0.731135, 0.480000, 0.400000, 0.436364, 0.728460, 0.730147
7, 4, 92, 0.500000, 0.733047, 0.500000, 0.366667, 0.423077, 0.728458, 0.728500
7, 5, 108, 0.500000, 0.732803, 0.500000, 0.366667, 0.423077, 0.728458, 0.728458
8, 1, 1, 0.616667, 0.693144, 0.616667, 1.000000, 0.762887, 0.702024, 0.702358
8, 2, 1, 0.616667, 0.693144, 0.616667, 1.000000, 0.762887, 0.702023, 0.702591
8, 3, 1, 0.616667, 0.693144, 0.616667, 1.000000, 0.762887, 0.702022, 0.702034
8, 4, 1, 0.616667, 0.693144, 0.616667, 1.000000, 0.762887, 0.702022, 0.706010
8, 5, 1, 0.616667, 0.693144, 0.616667, 1.000000, 0.762887, 0.702022, 0.702887
9, 1, 52, 0.616667, 0.690989, 0.562500, 0.360000, 0.439024, 0.703683, 0.704509
9, 2, 54, 0.616667, 0.691074, 0.562500, 0.360000, 0.439024, 0.703683, 0.706470
9, 3, 28, 0.616667, 0.690835, 0.562500, 0.360000, 0.439024, 0.703684, 0.706323
9, 4, 67, 0.616667, 0.691037, 0.562500, 0.360000, 0.439024, 0.703683, 0.703777
9, 5, 34, 0.616667, 0.691201, 0.562500, 0.360000, 0.439024, 0.703684, 0.715173
10, 1, 96, 0.616667, 0.704887, 0.750000, 0.387097, 0.510638, 0.709261, 0.711264
10, 2, 86, 0.550000, 0.698037, 0.558824, 0.612903, 0.584615, 0.709261, 0.710052
10, 3, 29, 0.600000, 0.700329, 0.652174, 0.483871, 0.555556, 0.709260, 0.710028
10, 4, 114, 0.533333, 0.697878, 0.542857, 0.612903, 0.575758, 0.709261, 0.709707
10, 5, 104, 0.600000, 0.700906, 0.666667, 0.451613, 0.538462, 0.709260, 0.710008
11, 1, 1, 0.533333, 0.695815, 0.551724, 0.941176, 0.695652, 0.703539, 0.703716
11, 2, 144, 0.550000, 0.705498, 0.652174, 0.441176, 0.526316, 0.703542, 0.720302
11, 3, 143, 0.550000, 0.692230, 0.563636, 0.911765, 0.696629, 0.703539, 0.706600
11, 4, 18, 0.616667, 0.711402, 0.823529, 0.411765, 0.549020, 0.703539, 0.703850
11, 5, 143, 0.616667, 0.711173, 0.823529, 0.411765, 0.549020, 0.703539, 0.703630
12, 1, 77, 0.500000, 0.705238, 0.450000, 0.692308, 0.545455, 0.702903, 0.703402
12, 2, 168, 0.600000, 0.690596, 0.571429, 0.307692, 0.400000, 0.702904, 0.702989
12, 3, 97, 0.616667, 0.689107, 0.800000, 0.153846, 0.258065, 0.702903, 0.707363
12, 4, 101, 0.616667, 0.689106, 0.800000, 0.153846, 0.258065, 0.702905, 0.703291
12, 5, 62, 0.616667, 0.689106, 0.800000, 0.153846, 0.258065, 0.702904, 0.703381
13, 1, 13, 0.616667, 0.689403, 0.703704, 0.558824, 0.622951, 0.687628, 0.688144
13, 2, 28, 0.616667, 0.689214, 0.703704, 0.558824, 0.622951, 0.687628, 0.687630
13, 3, 16, 0.616667, 0.691395, 0.720000, 0.529412, 0.610169, 0.687629, 0.699016
13, 4, 15, 0.616667, 0.689143, 0.703704, 0.558824, 0.622951, 0.687628, 0.690085
13, 5, 15, 0.616667, 0.688925, 0.703704, 0.558824, 0.622951, 0.687628, 0.699065
14, 1, 39, 0.600000, 0.681476, 0.645161, 0.606061, 0.625000, 0.705053, 0.707165
14, 2, 53, 0.600000, 0.678691, 0.628571, 0.666667, 0.647059, 0.705054, 0.710613
14, 3, 32, 0.600000, 0.681555, 0.645161, 0.606061, 0.625000, 0.705053, 0.707142
14, 4, 46, 0.600000, 0.681442, 0.645161, 0.606061, 0.625000, 0.705053, 0.705470
14, 5, 78, 0.600000, 0.681433, 0.645161, 0.606061, 0.625000, 0.705053, 0.705770
15, 1, 23, 0.566667, 0.714436, 0.526316, 0.714286, 0.606061, 0.684772, 0.693201
15, 2, 44, 0.566667, 0.714852, 0.526316, 0.714286, 0.606061, 0.684772, 0.688228
15, 3, 38, 0.566667, 0.714821, 0.526316, 0.714286, 0.606061, 0.684772, 0.684916
15, 4, 6, 0.566667, 0.715954, 0.525000, 0.750000, 0.617647, 0.684772, 0.694742
15, 5, 32, 0.566667, 0.714130, 0.526316, 0.714286, 0.606061, 0.684772, 0.685561
16, 1, 191, 0.550000, 0.696641, 0.000000, 0.000000, 0.000000, 0.690673, 0.706917
16, 2, 185, 0.550000, 0.696641, 0.000000, 0.000000, 0.000000, 0.690671, 0.706983
16, 3, 177, 0.550000, 0.697156, 0.000000, 0.000000, 0.000000, 0.690671, 0.698905
16, 4, 153, 0.550000, 0.697109, 0.000000, 0.000000, 0.000000, 0.690671, 0.691775
16, 5, 1, 0.450000, 0.839130, 0.450000, 1.000000, 0.620690, 0.690671, 0.692056
17, 1, 30, 0.666667, 0.685117, 0.717949, 0.756757, 0.736842, 0.699305, 0.702864
17, 2, 100, 0.666667, 0.685194, 0.717949, 0.756757, 0.736842, 0.699302, 0.699961
17, 3, 42, 0.666667, 0.685004, 0.717949, 0.756757, 0.736842, 0.699303, 0.703106
17, 4, 27, 0.666667, 0.686263, 0.717949, 0.756757, 0.736842, 0.699303, 0.699345
17, 5, 38, 0.666667, 0.685170, 0.717949, 0.756757, 0.736842, 0.699306, 0.699786
18, 1, 1, 0.516667, 0.765264, 0.516667, 1.000000, 0.681319, 0.698616, 0.698734
18, 2, 1, 0.516667, 0.749453, 0.516667, 1.000000, 0.681319, 0.698615, 0.698626
18, 3, 47, 0.533333, 0.708054, 0.636364, 0.225806, 0.333333, 0.698615, 0.698666
18, 4, 143, 0.533333, 0.707965, 0.636364, 0.225806, 0.333333, 0.698616, 0.698628
18, 5, 1, 0.516667, 0.749453, 0.516667, 1.000000, 0.681319, 0.698615, 0.704327
19, 1, 46, 0.583333, 0.694840, 0.600000, 0.727273, 0.657534, 0.700026, 0.711523
19, 2, 58, 0.583333, 0.694843, 0.600000, 0.727273, 0.657534, 0.700027, 0.712779
19, 3, 33, 0.583333, 0.694814, 0.600000, 0.727273, 0.657534, 0.700026, 0.702844
19, 4, 154, 0.583333, 0.694744, 0.600000, 0.727273, 0.657534, 0.700027, 0.700032
19, 5, 165, 0.583333, 0.694636, 0.600000, 0.727273, 0.657534, 0.700027, 0.711259
20, 1, 24, 0.550000, 0.703110, 0.543860, 0.968750, 0.696629, 0.690987, 0.713755
20, 2, 30, 0.550000, 0.703215, 0.543860, 0.968750, 0.696629, 0.690987, 0.699172
20, 3, 22, 0.550000, 0.703197, 0.543860, 0.968750, 0.696629, 0.690988, 0.699032
20, 4, 41, 0.550000, 0.703108, 0.543860, 0.968750, 0.696629, 0.690987, 0.696733
20, 5, 146, 0.550000, 0.703071, 0.543860, 0.968750, 0.696629, 0.690988, 0.691560
