# qvc TwoLocal incremental log
# combo: rotation_type=RYRZ, entanglement=full, ent_gate=CNOT
# Columns: dim, num_layers, best_it, val_acc, val_loss, val_prec, val_rec, val_f1, lowest train loss, final train loss
2, 1, 186, 0.900000, 0.629943, 0.875000, 0.933333, 0.903226, 0.626993, 0.628375
2, 2, 183, 0.766667, 0.616239, 0.700000, 0.933333, 0.800000, 0.572304, 0.572304
2, 3, 14, 0.883333, 0.614473, 0.925926, 0.833333, 0.877193, 0.570292, 0.582739
2, 4, 76, 0.866667, 0.627472, 0.789474, 1.000000, 0.882353, 0.572033, 0.574715
2, 5, 38, 0.850000, 0.619424, 0.838710, 0.866667, 0.852459, 0.570546, 0.582558
3, 1, 192, 0.616667, 0.685567, 0.628571, 0.687500, 0.656716, 0.668226, 0.668226
3, 2, 149, 0.800000, 0.612475, 0.794118, 0.843750, 0.818182, 0.631392, 0.640264
3, 3, 106, 0.750000, 0.633707, 0.793103, 0.718750, 0.754098, 0.631348, 0.650980
3, 4, 132, 0.766667, 0.619584, 0.764706, 0.812500, 0.787879, 0.630581, 0.647193
3, 5, 138, 0.766667, 0.622461, 0.764706, 0.812500, 0.787879, 0.630404, 0.689994
4, 1, 195, 0.783333, 0.678582, 0.833333, 0.757576, 0.793651, 0.681220, 0.681735
4, 2, 1, 0.550000, 0.760584, 0.550000, 1.000000, 0.709677, 0.707573, 0.707573
4, 3, 125, 0.683333, 0.681121, 0.818182, 0.545455, 0.654545, 0.636848, 0.636848
4, 4, 13, 0.866667, 0.606808, 0.931034, 0.818182, 0.870968, 0.600608, 0.611039
4, 5, 10, 0.883333, 0.607404, 0.964286, 0.818182, 0.885246, 0.599731, 0.633302
5, 1, 13, 0.600000, 0.698240, 0.500000, 0.375000, 0.428571, 0.714859, 0.715437
5, 2, 199, 0.750000, 0.645274, 0.655172, 0.791667, 0.716981, 0.642423, 0.645107
5, 3, 146, 0.800000, 0.620889, 0.833333, 0.625000, 0.714286, 0.638440, 0.656399
5, 4, 61, 0.783333, 0.623065, 0.866667, 0.541667, 0.666667, 0.626472, 0.631258
5, 5, 130, 0.816667, 0.620843, 0.933333, 0.583333, 0.717949, 0.626510, 0.657598
6, 1, 110, 0.616667, 0.692799, 0.720000, 0.529412, 0.610169, 0.678486, 0.681156
6, 2, 166, 0.633333, 0.674534, 0.730769, 0.558824, 0.633333, 0.656663, 0.657470
6, 3, 159, 0.583333, 0.697273, 0.588235, 0.882353, 0.705882, 0.657133, 0.675629
6, 4, 5, 0.633333, 0.701053, 0.800000, 0.470588, 0.592593, 0.650308, 0.650313
6, 5, 144, 0.650000, 0.671284, 0.809524, 0.500000, 0.618182, 0.645809, 0.651221
7, 1, 186, 0.516667, 0.708773, 0.509091, 0.933333, 0.658824, 0.690209, 0.690209
7, 2, 167, 0.666667, 0.666145, 0.638889, 0.766667, 0.696970, 0.653612, 0.653770
7, 3, 143, 0.683333, 0.667186, 0.720000, 0.600000, 0.654545, 0.654548, 0.664841
7, 4, 173, 0.716667, 0.664887, 0.760000, 0.633333, 0.690909, 0.659490, 0.659490
7, 5, 196, 0.666667, 0.670912, 0.727273, 0.533333, 0.615385, 0.658441, 0.658441
8, 1, 1, 0.616667, 0.692339, 0.616667, 1.000000, 0.762887, 0.700793, 0.700793
8, 2, 1, 0.616667, 0.691566, 0.616667, 1.000000, 0.762887, 0.696712, 0.697176
8, 3, 100, 0.716667, 0.656452, 0.750000, 0.810811, 0.779221, 0.671547, 0.671843
8, 4, 168, 0.800000, 0.628894, 0.820513, 0.864865, 0.842105, 0.662454, 0.662454
8, 5, 152, 0.700000, 0.653389, 0.702128, 0.891892, 0.785714, 0.657105, 0.674169
9, 1, 154, 0.600000, 0.689032, 0.533333, 0.320000, 0.400000, 0.705481, 0.706021
9, 2, 25, 0.616667, 0.677429, 0.625000, 0.200000, 0.303030, 0.690050, 0.693400
9, 3, 145, 0.700000, 0.665971, 0.684211, 0.520000, 0.590909, 0.658301, 0.661163
9, 4, 22, 0.683333, 0.666574, 0.800000, 0.320000, 0.457143, 0.641028, 0.642317
9, 5, 102, 0.616667, 0.690376, 0.538462, 0.560000, 0.549020, 0.641585, 0.650918
10, 1, 22, 0.566667, 0.699241, 0.580645, 0.580645, 0.580645, 0.709989, 0.710159
10, 2, 93, 0.633333, 0.680426, 0.655172, 0.612903, 0.633333, 0.670450, 0.670450
10, 3, 115, 0.633333, 0.682945, 0.764706, 0.419355, 0.541667, 0.661457, 0.675649
10, 4, 96, 0.666667, 0.673412, 0.720000, 0.580645, 0.642857, 0.660508, 0.661009
10, 5, 118, 0.633333, 0.680557, 0.695652, 0.516129, 0.592593, 0.662869, 0.663399
11, 1, 198, 0.600000, 0.705452, 0.857143, 0.352941, 0.500000, 0.702306, 0.715899
11, 2, 28, 0.600000, 0.702668, 0.750000, 0.441176, 0.555556, 0.672432, 0.672573
11, 3, 66, 0.650000, 0.694232, 0.782609, 0.529412, 0.631579, 0.664248, 0.665266
11, 4, 18, 0.633333, 0.705475, 0.928571, 0.382353, 0.541667, 0.657965, 0.657965
11, 5, 51, 0.700000, 0.679139, 0.735294, 0.735294, 0.735294, 0.654648, 0.669855
12, 1, 151, 0.650000, 0.682933, 0.692308, 0.346154, 0.461538, 0.698161, 0.698161
12, 2, 17, 0.600000, 0.684715, 0.571429, 0.307692, 0.400000, 0.676263, 0.676463
12, 3, 110, 0.650000, 0.680118, 1.000000, 0.192308, 0.322581, 0.678699, 0.680776
12, 4, 165, 0.683333, 0.662670, 0.684211, 0.500000, 0.577778, 0.661037, 0.666836
12, 5, 100, 0.700000, 0.661648, 0.700000, 0.538462, 0.608696, 0.657192, 0.657915
13, 1, 134, 0.666667, 0.668819, 0.733333, 0.647059, 0.687500, 0.673487, 0.673878
13, 2, 108, 0.683333, 0.679192, 0.894737, 0.500000, 0.641509, 0.668329, 0.673803
13, 3, 118, 0.700000, 0.662262, 0.807692, 0.617647, 0.700000, 0.663540, 0.666603
13, 4, 106, 0.666667, 0.681466, 1.000000, 0.411765, 0.583333, 0.662240, 0.669200
13, 5, 84, 0.683333, 0.673455, 0.857143, 0.529412, 0.654545, 0.662111, 0.665931
14, 1, 170, 0.750000, 0.669072, 0.875000, 0.636364, 0.736842, 0.674695, 0.674695
14, 2, 65, 0.700000, 0.666648, 0.857143, 0.545455, 0.666667, 0.671227, 0.675008
14, 3, 47, 0.650000, 0.680394, 0.772727, 0.515152, 0.618182, 0.668012, 0.672327
14, 4, 13, 0.700000, 0.679898, 0.941176, 0.484848, 0.640000, 0.662179, 0.662367
14, 5, 28, 0.683333, 0.676567, 0.791667, 0.575758, 0.666667, 0.662057, 0.686123
15, 1, 80, 0.616667, 0.709203, 0.560976, 0.821429, 0.666667, 0.670267, 0.670267
15, 2, 115, 0.650000, 0.683814, 0.612903, 0.678571, 0.644068, 0.662389, 0.665054
15, 3, 163, 0.700000, 0.674706, 0.727273, 0.571429, 0.640000, 0.659648, 0.663204
15, 4, 141, 0.700000, 0.674310, 0.708333, 0.607143, 0.653846, 0.662134, 0.671599
15, 5, 171, 0.683333, 0.673563, 0.666667, 0.642857, 0.654545, 0.661066, 0.663618
16, 1, 43, 0.550000, 0.698691, 0.000000, 0.000000, 0.000000, 0.686453, 0.687567
16, 2, 64, 0.583333, 0.695232, 0.750000, 0.111111, 0.193548, 0.691415, 0.704704
16, 3, 35, 0.650000, 0.688902, 0.650000, 0.481481, 0.553191, 0.680357, 0.685024
16, 4, 41, 0.550000, 0.693761, 0.000000, 0.000000, 0.000000, 0.688855, 0.695212
16, 5, 156, 0.616667, 0.691520, 0.611111, 0.407407, 0.488889, 0.677391, 0.691422
17, 1, 143, 0.683333, 0.687286, 0.764706, 0.702703, 0.732394, 0.699954, 0.705123
17, 2, 15, 0.700000, 0.682323, 0.743590, 0.783784, 0.763158, 0.683208, 0.684597
17, 3, 76, 0.683333, 0.676003, 0.750000, 0.729730, 0.739726, 0.674306, 0.691638
17, 4, 18, 0.733333, 0.664241, 0.744186, 0.864865, 0.800000, 0.657823, 0.668190
17, 5, 15, 0.716667, 0.663148, 0.685185, 1.000000, 0.813187, 0.656453, 0.671863
18, 1, 1, 0.516667, 0.746867, 0.516667, 1.000000, 0.681319, 0.696934, 0.721435
18, 2, 147, 0.533333, 0.703641, 0.528302, 0.903226, 0.666667, 0.690162, 0.692394
18, 3, 44, 0.550000, 0.706823, 0.611111, 0.354839, 0.448980, 0.680558, 0.682153
18, 4, 117, 0.583333, 0.695537, 0.800000, 0.258065, 0.390244, 0.666357, 0.669208
18, 5, 112, 0.566667, 0.699240, 0.553191, 0.838710, 0.666667, 0.666774, 0.678853
19, 1, 54, 0.600000, 0.693293, 0.628571, 0.666667, 0.647059, 0.696950, 0.697100
19, 2, 152, 0.600000, 0.684269, 0.588235, 0.909091, 0.714286, 0.679235, 0.679616
19, 3, 171, 0.616667, 0.689082, 0.666667, 0.606061, 0.634921, 0.675253, 0.684426
19, 4, 81, 0.633333, 0.687668, 0.617021, 0.878788, 0.725000, 0.668451, 0.669894
19, 5, 4, 0.583333, 0.688429, 0.600000, 0.727273, 0.657534, 0.660021, 0.660021
20, 1, 81, 0.550000, 0.704104, 0.543860, 0.968750, 0.696629, 0.689424, 0.689424
20, 2, 56, 0.550000, 0.707140, 0.857143, 0.187500, 0.307692, 0.676991, 0.677094
20, 3, 75, 0.583333, 0.703475, 0.888889, 0.250000, 0.390244, 0.675196, 0.675271
20, 4, 19, 0.583333, 0.701185, 0.563636, 0.968750, 0.712644, 0.685571, 0.685573
20, 5, 44, 0.550000, 0.704897, 0.543860, 0.968750, 0.696629, 0.678279, 0.682267
