# qvc TwoLocal incremental log
# combo: rotation_type=Rot, entanglement=ring, ent_gate=CNOT
# Columns: dim, num_layers, best_it, val_acc, val_loss, val_prec, val_rec, val_f1, lowest train loss, final train loss
2, 1, 83, 0.600000, 0.679106, 0.687500, 0.366667, 0.478261, 0.659371, 0.660137
2, 2, 176, 0.683333, 0.689146, 0.789474, 0.500000, 0.612245, 0.654994, 0.658191
2, 3, 41, 0.650000, 0.681882, 0.595745, 0.933333, 0.727273, 0.653522, 0.654752
2, 4, 47, 0.633333, 0.689792, 0.785714, 0.366667, 0.500000, 0.657426, 0.657714
2, 5, 137, 0.666667, 0.683799, 0.638889, 0.766667, 0.696970, 0.652241, 0.653086
3, 1, 91, 0.566667, 0.680012, 0.500000, 0.807692, 0.617647, 0.664271, 0.673331
3, 2, 94, 0.583333, 0.677605, 0.520000, 0.500000, 0.509804, 0.671512, 0.677933
3, 3, 159, 0.650000, 0.675829, 0.600000, 0.576923, 0.588235, 0.660834, 0.663424
3, 4, 106, 0.666667, 0.659136, 0.714286, 0.384615, 0.500000, 0.656274, 0.659455
3, 5, 191, 0.666667, 0.667251, 0.875000, 0.269231, 0.411765, 0.667661, 0.676996
4, 1, 169, 0.766667, 0.655517, 0.863636, 0.633333, 0.730769, 0.608768, 0.609641
4, 2, 158, 0.766667, 0.670150, 1.000000, 0.533333, 0.695652, 0.596679, 0.604295
4, 3, 157, 0.766667, 0.630252, 0.863636, 0.633333, 0.730769, 0.584706, 0.584706
4, 4, 56, 0.783333, 0.637187, 0.869565, 0.666667, 0.754717, 0.578888, 0.586113
4, 5, 72, 0.766667, 0.637768, 0.863636, 0.633333, 0.730769, 0.584926, 0.585438
5, 1, 167, 0.650000, 0.702930, 0.900000, 0.310345, 0.461538, 0.671627, 0.671627
5, 2, 85, 0.700000, 0.662834, 0.789474, 0.517241, 0.625000, 0.644798, 0.671809
5, 3, 44, 0.616667, 0.669593, 0.607143, 0.586207, 0.596491, 0.640186, 0.644830
5, 4, 12, 0.683333, 0.680856, 0.708333, 0.586207, 0.641509, 0.649818, 0.652218
5, 5, 185, 0.633333, 0.670135, 0.640000, 0.551724, 0.592593, 0.643393, 0.643512
6, 1, 117, 0.700000, 0.678563, 0.842105, 0.516129, 0.640000, 0.619271, 0.625573
6, 2, 113, 0.716667, 0.653079, 0.769231, 0.645161, 0.701754, 0.628448, 0.654628
6, 3, 143, 0.716667, 0.655591, 0.818182, 0.580645, 0.679245, 0.617419, 0.634951
6, 4, 126, 0.733333, 0.646814, 0.800000, 0.645161, 0.714286, 0.611682, 0.641212
6, 5, 81, 0.783333, 0.645591, 0.875000, 0.677419, 0.763636, 0.613526, 0.622636
7, 1, 186, 0.633333, 0.678478, 0.500000, 0.454545, 0.476190, 0.652281, 0.659886
7, 2, 21, 0.733333, 0.628891, 0.750000, 0.409091, 0.529412, 0.629378, 0.631786
7, 3, 135, 0.816667, 0.604155, 0.923077, 0.545455, 0.685714, 0.613117, 0.640499
7, 4, 28, 0.733333, 0.646532, 0.714286, 0.454545, 0.555556, 0.611904, 0.616426
7, 5, 158, 0.800000, 0.637419, 0.857143, 0.545455, 0.666667, 0.613031, 0.614682
8, 1, 3, 0.616667, 0.693657, 0.437500, 0.333333, 0.378378, 0.644866, 0.648512
8, 2, 52, 0.783333, 0.629356, 0.833333, 0.476190, 0.606061, 0.599617, 0.599617
8, 3, 158, 0.783333, 0.623648, 0.750000, 0.571429, 0.648649, 0.603132, 0.611298
8, 4, 173, 0.833333, 0.615675, 1.000000, 0.523810, 0.687500, 0.597458, 0.618763
8, 5, 141, 0.833333, 0.601335, 0.789474, 0.714286, 0.750000, 0.592149, 0.593422
9, 1, 142, 0.716667, 0.631185, 0.666667, 0.785714, 0.721311, 0.648322, 0.652295
9, 2, 92, 0.816667, 0.595200, 0.904762, 0.678571, 0.775510, 0.614260, 0.617149
9, 3, 149, 0.900000, 0.553548, 0.923077, 0.857143, 0.888889, 0.597724, 0.609350
9, 4, 160, 0.916667, 0.521175, 0.960000, 0.857143, 0.905660, 0.587992, 0.593677
9, 5, 184, 0.933333, 0.539721, 1.000000, 0.857143, 0.923077, 0.590166, 0.597466
10, 1, 64, 0.583333, 0.696144, 0.666667, 0.275862, 0.390244, 0.654283, 0.654332
10, 2, 121, 0.833333, 0.617383, 1.000000, 0.655172, 0.791667, 0.580610, 0.580610
10, 3, 99, 0.833333, 0.606433, 1.000000, 0.655172, 0.791667, 0.569746, 0.575739
10, 4, 61, 0.800000, 0.614429, 0.904762, 0.655172, 0.760000, 0.568176, 0.573432
10, 5, 52, 0.866667, 0.605055, 0.956522, 0.758621, 0.846154, 0.564496, 0.572758
11, 1, 200, 0.700000, 0.634658, 0.657143, 0.793103, 0.718750, 0.621717, 0.622152
11, 2, 72, 0.850000, 0.606812, 0.884615, 0.793103, 0.836364, 0.579705, 0.582533
11, 3, 72, 0.900000, 0.600246, 1.000000, 0.793103, 0.884615, 0.591801, 0.598155
11, 4, 157, 0.900000, 0.594622, 1.000000, 0.793103, 0.884615, 0.577096, 0.581187
11, 5, 121, 0.850000, 0.604943, 0.884615, 0.793103, 0.836364, 0.574651, 0.582309
12, 1, 115, 0.700000, 0.649044, 0.777778, 0.500000, 0.608696, 0.662210, 0.662344
12, 2, 115, 0.833333, 0.621787, 0.875000, 0.750000, 0.807692, 0.632636, 0.635912
12, 3, 99, 0.900000, 0.617974, 0.892857, 0.892857, 0.892857, 0.622442, 0.623621
12, 4, 144, 0.883333, 0.595552, 0.888889, 0.857143, 0.872727, 0.622421, 0.622421
12, 5, 60, 0.866667, 0.626946, 0.857143, 0.857143, 0.857143, 0.624572, 0.650433
13, 1, 185, 0.683333, 0.649600, 0.875000, 0.451613, 0.595745, 0.648998, 0.657592
13, 2, 147, 0.916667, 0.584716, 1.000000, 0.838710, 0.912281, 0.604997, 0.607171
13, 3, 74, 0.883333, 0.576528, 1.000000, 0.774194, 0.872727, 0.590893, 0.594584
13, 4, 143, 0.916667, 0.553902, 1.000000, 0.838710, 0.912281, 0.585188, 0.595722
13, 5, 71, 0.916667, 0.565057, 1.000000, 0.838710, 0.912281, 0.579847, 0.581327
14, 1, 51, 0.633333, 0.694869, 0.593750, 0.678571, 0.633333, 0.690627, 0.690627
14, 2, 197, 0.816667, 0.619815, 0.793103, 0.821429, 0.807018, 0.619245, 0.621028
14, 3, 169, 0.900000, 0.599126, 0.892857, 0.892857, 0.892857, 0.606531, 0.612182
14, 4, 119, 0.900000, 0.590459, 0.892857, 0.892857, 0.892857, 0.603840, 0.605532
14, 5, 117, 0.950000, 0.586315, 1.000000, 0.892857, 0.943396, 0.596867, 0.604091
15, 1, 191, 0.716667, 0.661425, 1.000000, 0.370370, 0.540541, 0.643144, 0.651583
15, 2, 185, 0.750000, 0.643597, 1.000000, 0.444444, 0.615385, 0.612164, 0.612164
15, 3, 32, 0.783333, 0.639465, 1.000000, 0.518519, 0.682927, 0.603271, 0.635019
15, 4, 68, 0.766667, 0.643249, 0.882353, 0.555556, 0.681818, 0.610799, 0.623759
15, 5, 192, 0.800000, 0.634831, 1.000000, 0.555556, 0.714286, 0.605562, 0.610833
16, 1, 179, 0.783333, 0.663091, 0.727273, 0.969697, 0.831169, 0.662637, 0.663690
16, 2, 131, 0.750000, 0.640192, 0.875000, 0.636364, 0.736842, 0.623678, 0.634305
16, 3, 50, 0.750000, 0.644150, 0.950000, 0.575758, 0.716981, 0.615012, 0.631018
16, 4, 128, 0.800000, 0.622047, 0.956522, 0.666667, 0.785714, 0.616720, 0.617482
16, 5, 98, 0.733333, 0.632660, 0.904762, 0.575758, 0.703704, 0.618594, 0.618798
17, 1, 194, 0.783333, 0.616200, 0.733333, 0.814815, 0.771930, 0.632526, 0.635108
17, 2, 136, 0.866667, 0.599403, 0.851852, 0.851852, 0.851852, 0.612647, 0.620667
17, 3, 128, 0.916667, 0.594703, 0.923077, 0.888889, 0.905660, 0.604497, 0.617273
17, 4, 67, 0.916667, 0.603432, 0.923077, 0.888889, 0.905660, 0.593225, 0.597278
17, 5, 75, 0.933333, 0.579442, 0.960000, 0.888889, 0.923077, 0.587073, 0.601805
18, 1, 177, 0.733333, 0.660730, 0.769231, 0.666667, 0.714286, 0.639022, 0.640248
18, 2, 151, 0.816667, 0.625074, 0.913043, 0.700000, 0.792453, 0.585154, 0.585154
18, 3, 128, 0.816667, 0.611798, 0.880000, 0.733333, 0.800000, 0.568030, 0.577997
18, 4, 72, 0.850000, 0.612762, 1.000000, 0.700000, 0.823529, 0.570392, 0.572654
18, 5, 32, 0.866667, 0.629371, 0.958333, 0.766667, 0.851852, 0.569245, 0.583623
19, 1, 102, 0.850000, 0.624617, 0.961538, 0.757576, 0.847458, 0.621254, 0.622601
19, 2, 92, 0.866667, 0.597204, 0.903226, 0.848485, 0.875000, 0.599949, 0.603426
19, 3, 183, 0.916667, 0.579753, 1.000000, 0.848485, 0.918033, 0.589981, 0.590721
19, 4, 109, 0.916667, 0.562803, 1.000000, 0.848485, 0.918033, 0.575080, 0.584042
19, 5, 101, 0.916667, 0.571895, 1.000000, 0.848485, 0.918033, 0.571665, 0.578655
20, 1, 85, 0.900000, 0.586579, 0.947368, 0.782609, 0.857143, 0.611771, 0.612143
20, 2, 163, 0.933333, 0.586107, 0.952381, 0.869565, 0.909091, 0.590287, 0.592335
20, 3, 30, 0.933333, 0.624158, 0.952381, 0.869565, 0.909091, 0.586664, 0.586664
20, 4, 151, 0.900000, 0.547414, 0.869565, 0.869565, 0.869565, 0.576638, 0.596106
20, 5, 17, 0.933333, 0.567269, 0.952381, 0.869565, 0.909091, 0.563954, 0.564169
