# qvc TwoLocal incremental log
# combo: rotation_type=RX, entanglement=pairwise, ent_gate=CNOT
# Columns: dim, num_layers, best_it, val_acc, val_loss, val_prec, val_rec, val_f1, lowest train loss, final train loss
2, 1, 134, 0.950000, 0.685621, 1.000000, 0.900000, 0.947368, 0.668548, 0.668548
2, 2, 155, 0.783333, 0.612563, 0.814815, 0.733333, 0.771930, 0.586300, 0.586642
2, 3, 135, 0.783333, 0.612548, 0.814815, 0.733333, 0.771930, 0.586304, 0.586403
2, 4, 108, 0.783333, 0.612661, 0.814815, 0.733333, 0.771930, 0.586301, 0.590933
2, 5, 80, 0.783333, 0.613619, 0.814815, 0.733333, 0.771930, 0.586424, 0.587169
3, 1, 137, 0.583333, 0.677709, 0.652174, 0.468750, 0.545455, 0.693152, 0.704547
3, 2, 149, 0.716667, 0.617776, 0.714286, 0.781250, 0.746269, 0.649407, 0.652427
3, 3, 66, 0.800000, 0.661366, 0.812500, 0.812500, 0.812500, 0.649452, 0.657380
3, 4, 49, 0.833333, 0.664317, 0.866667, 0.812500, 0.838710, 0.649409, 0.651174
3, 5, 18, 0.800000, 0.668198, 0.857143, 0.750000, 0.800000, 0.649406, 0.649486
4, 1, 1, 0.550000, 0.779509, 0.550000, 1.000000, 0.709677, 0.700717, 0.700717
4, 2, 192, 0.733333, 0.638733, 0.840000, 0.636364, 0.724138, 0.624357, 0.624357
4, 3, 124, 0.750000, 0.638962, 0.781250, 0.757576, 0.769231, 0.621943, 0.621943
4, 4, 132, 0.750000, 0.633186, 0.781250, 0.757576, 0.769231, 0.622759, 0.634624
4, 5, 125, 0.750000, 0.632420, 0.781250, 0.757576, 0.769231, 0.621930, 0.623928
5, 1, 200, 0.616667, 0.676879, 0.533333, 0.333333, 0.410256, 0.679039, 0.685007
5, 2, 103, 0.766667, 0.643872, 0.750000, 0.625000, 0.681818, 0.643599, 0.647611
5, 3, 22, 0.766667, 0.672353, 0.777778, 0.583333, 0.666667, 0.643581, 0.646775
5, 4, 13, 0.750000, 0.671469, 0.800000, 0.500000, 0.615385, 0.643640, 0.649538
5, 5, 67, 0.750000, 0.640377, 0.695652, 0.666667, 0.680851, 0.643721, 0.650400
6, 1, 121, 0.650000, 0.694552, 0.882353, 0.441176, 0.588235, 0.691977, 0.698101
6, 2, 91, 0.650000, 0.675300, 0.666667, 0.764706, 0.712329, 0.667665, 0.675866
6, 3, 30, 0.683333, 0.685207, 0.826087, 0.558824, 0.666667, 0.667248, 0.667260
6, 4, 51, 0.600000, 0.675917, 0.625000, 0.735294, 0.675676, 0.667082, 0.671748
6, 5, 35, 0.666667, 0.682824, 0.791667, 0.558824, 0.655172, 0.667401, 0.667550
7, 1, 164, 0.616667, 0.683225, 0.684211, 0.433333, 0.530612, 0.683025, 0.683025
7, 2, 43, 0.666667, 0.675139, 0.631579, 0.800000, 0.705882, 0.668829, 0.669015
7, 3, 40, 0.666667, 0.675503, 0.692308, 0.600000, 0.642857, 0.668805, 0.670044
7, 4, 81, 0.683333, 0.676960, 0.677419, 0.700000, 0.688525, 0.668808, 0.668826
7, 5, 25, 0.666667, 0.678395, 0.647059, 0.733333, 0.687500, 0.668806, 0.668947
8, 1, 1, 0.616667, 0.693019, 0.616667, 1.000000, 0.762887, 0.699431, 0.700157
8, 2, 145, 0.716667, 0.678343, 0.777778, 0.756757, 0.767123, 0.679639, 0.684624
8, 3, 180, 0.750000, 0.675874, 0.866667, 0.702703, 0.776119, 0.676836, 0.676836
8, 4, 91, 0.733333, 0.678888, 0.838710, 0.702703, 0.764706, 0.666379, 0.679109
8, 5, 194, 0.766667, 0.661456, 0.896552, 0.702703, 0.787879, 0.665368, 0.668593
9, 1, 28, 0.616667, 0.690680, 0.562500, 0.360000, 0.439024, 0.697831, 0.720524
9, 2, 151, 0.633333, 0.681186, 0.600000, 0.360000, 0.450000, 0.660330, 0.660330
9, 3, 143, 0.666667, 0.681888, 0.727273, 0.320000, 0.444444, 0.665915, 0.673551
9, 4, 194, 0.600000, 0.681950, 0.571429, 0.160000, 0.250000, 0.674432, 0.676254
9, 5, 89, 0.633333, 0.682449, 0.636364, 0.280000, 0.388889, 0.661216, 0.668526
10, 1, 16, 0.600000, 0.698867, 0.666667, 0.451613, 0.538462, 0.697350, 0.697350
10, 2, 164, 0.833333, 0.661374, 0.862069, 0.806452, 0.833333, 0.672854, 0.681713
10, 3, 115, 0.800000, 0.661658, 0.851852, 0.741935, 0.793103, 0.668681, 0.668846
10, 4, 93, 0.750000, 0.655711, 0.785714, 0.709677, 0.745763, 0.666984, 0.667167
10, 5, 115, 0.816667, 0.663120, 0.857143, 0.774194, 0.813559, 0.667044, 0.667206
11, 1, 78, 0.616667, 0.702607, 0.866667, 0.382353, 0.530612, 0.693976, 0.694385
11, 2, 116, 0.683333, 0.678678, 0.702703, 0.764706, 0.732394, 0.672737, 0.684859
11, 3, 132, 0.683333, 0.678086, 0.758621, 0.647059, 0.698413, 0.670433, 0.672338
11, 4, 110, 0.683333, 0.678373, 0.826087, 0.558824, 0.666667, 0.669929, 0.672585
11, 5, 79, 0.666667, 0.674344, 0.675000, 0.794118, 0.729730, 0.669455, 0.676695
12, 1, 103, 0.600000, 0.689226, 0.750000, 0.115385, 0.200000, 0.690810, 0.692376
12, 2, 198, 0.733333, 0.661840, 0.777778, 0.538462, 0.636364, 0.669020, 0.672817
12, 3, 36, 0.650000, 0.677468, 0.857143, 0.230769, 0.363636, 0.669706, 0.670483
12, 4, 51, 0.783333, 0.665093, 1.000000, 0.500000, 0.666667, 0.668387, 0.668443
12, 5, 129, 0.733333, 0.661687, 0.777778, 0.538462, 0.636364, 0.668387, 0.670220
13, 1, 38, 0.616667, 0.688924, 0.703704, 0.558824, 0.622951, 0.687514, 0.689227
13, 2, 22, 0.616667, 0.690548, 0.720000, 0.529412, 0.610169, 0.686330, 0.688273
13, 3, 197, 0.700000, 0.685898, 0.807692, 0.617647, 0.700000, 0.683861, 0.683934
13, 4, 16, 0.616667, 0.688419, 0.703704, 0.558824, 0.622951, 0.685135, 0.695366
13, 5, 144, 0.683333, 0.686458, 0.777778, 0.617647, 0.688525, 0.683523, 0.690498
14, 1, 26, 0.600000, 0.678684, 0.628571, 0.666667, 0.647059, 0.692301, 0.703154
14, 2, 29, 0.633333, 0.684129, 0.923077, 0.363636, 0.521739, 0.679294, 0.686269
14, 3, 52, 0.600000, 0.683310, 0.609756, 0.757576, 0.675676, 0.679312, 0.691195
14, 4, 37, 0.650000, 0.680092, 0.650000, 0.787879, 0.712329, 0.679491, 0.680707
14, 5, 14, 0.633333, 0.680778, 0.689655, 0.606061, 0.645161, 0.679317, 0.679604
15, 1, 14, 0.566667, 0.711411, 0.527778, 0.678571, 0.593750, 0.684745, 0.685360
15, 2, 49, 0.566667, 0.713486, 0.526316, 0.714286, 0.606061, 0.684620, 0.685031
15, 3, 50, 0.616667, 0.684377, 0.592593, 0.571429, 0.581818, 0.683823, 0.686482
15, 4, 11, 0.616667, 0.688427, 0.666667, 0.357143, 0.465116, 0.683813, 0.684092
15, 5, 111, 0.566667, 0.715981, 0.525000, 0.750000, 0.617647, 0.684037, 0.686466
16, 1, 26, 0.550000, 0.695129, 0.000000, 0.000000, 0.000000, 0.690000, 0.690828
16, 2, 28, 0.616667, 0.690089, 0.611111, 0.407407, 0.488889, 0.675133, 0.703449
16, 3, 33, 0.650000, 0.688390, 0.750000, 0.333333, 0.461538, 0.675913, 0.677669
16, 4, 156, 0.666667, 0.680213, 0.888889, 0.296296, 0.444444, 0.669965, 0.669965
16, 5, 87, 0.650000, 0.683380, 0.750000, 0.333333, 0.461538, 0.668268, 0.671096
17, 1, 55, 0.666667, 0.687573, 0.717949, 0.756757, 0.736842, 0.698179, 0.700125
17, 2, 21, 0.716667, 0.684648, 0.884615, 0.621622, 0.730159, 0.678900, 0.680475
17, 3, 123, 0.733333, 0.681096, 0.800000, 0.756757, 0.777778, 0.678481, 0.679501
17, 4, 80, 0.750000, 0.681337, 0.823529, 0.756757, 0.788732, 0.674054, 0.675199
17, 5, 19, 0.700000, 0.683636, 0.827586, 0.648649, 0.727273, 0.668421, 0.671537
18, 1, 25, 0.533333, 0.703554, 0.615385, 0.258065, 0.363636, 0.696502, 0.699989
18, 2, 191, 0.633333, 0.686617, 0.714286, 0.483871, 0.576923, 0.682912, 0.682912
18, 3, 187, 0.666667, 0.685576, 0.703704, 0.612903, 0.655172, 0.682613, 0.693905
18, 4, 196, 0.683333, 0.683297, 0.875000, 0.451613, 0.595745, 0.680817, 0.680830
18, 5, 183, 0.666667, 0.684573, 0.923077, 0.387097, 0.545455, 0.680242, 0.680999
19, 1, 32, 0.566667, 0.693453, 0.585366, 0.727273, 0.648649, 0.696530, 0.707649
19, 2, 197, 0.783333, 0.681266, 0.916667, 0.666667, 0.771930, 0.684017, 0.684113
19, 3, 164, 0.833333, 0.677659, 0.896552, 0.787879, 0.838710, 0.679132, 0.679132
19, 4, 140, 0.833333, 0.677811, 0.896552, 0.787879, 0.838710, 0.678700, 0.684683
19, 5, 155, 0.800000, 0.673472, 0.818182, 0.818182, 0.818182, 0.674819, 0.680604
20, 1, 19, 0.533333, 0.703501, 0.534483, 0.968750, 0.688889, 0.690767, 0.692350
20, 2, 140, 0.600000, 0.694049, 0.833333, 0.312500, 0.454545, 0.683238, 0.683238
20, 3, 13, 0.550000, 0.699808, 0.543860, 0.968750, 0.696629, 0.688230, 0.692657
20, 4, 186, 0.700000, 0.676641, 0.850000, 0.531250, 0.653846, 0.677599, 0.687071
20, 5, 44, 0.633333, 0.694587, 1.000000, 0.312500, 0.476190, 0.683517, 0.689360
