# qvc TwoLocal incremental log
# combo: rotation_type=RZ, entanglement=pairwise, ent_gate=CZ
# Columns: dim, num_layers, best_it, val_acc, val_loss, val_prec, val_rec, val_f1, lowest train loss, final train loss
2, 1, 28, 0.500000, 0.753200, 0.000000, 0.000000, 0.000000, 0.753414, 0.765403
2, 2, 1, 0.466667, 0.829996, 0.482759, 0.933333, 0.636364, 0.753415, 0.753723
2, 3, 1, 0.466667, 0.829996, 0.482759, 0.933333, 0.636364, 0.753418, 0.759215
2, 4, 111, 0.500000, 0.753473, 0.000000, 0.000000, 0.000000, 0.753414, 0.753432
2, 5, 1, 0.466667, 0.829996, 0.482759, 0.933333, 0.636364, 0.753419, 0.757581
3, 1, 38, 0.483333, 0.799651, 0.516129, 0.500000, 0.507937, 0.731885, 0.735391
3, 2, 33, 0.466667, 0.797152, 0.500000, 0.500000, 0.500000, 0.731885, 0.740196
3, 3, 122, 0.483333, 0.799647, 0.516129, 0.500000, 0.507937, 0.731886, 0.738261
3, 4, 26, 0.483333, 0.799674, 0.516129, 0.500000, 0.507937, 0.731888, 0.732045
3, 5, 70, 0.483333, 0.799691, 0.516129, 0.500000, 0.507937, 0.731885, 0.732235
4, 1, 1, 0.550000, 0.779694, 0.550000, 1.000000, 0.709677, 0.709891, 0.710209
4, 2, 1, 0.550000, 0.763573, 0.550000, 1.000000, 0.709677, 0.709891, 0.710178
4, 3, 1, 0.550000, 0.763573, 0.550000, 1.000000, 0.709677, 0.709890, 0.709983
4, 4, 1, 0.550000, 0.763573, 0.550000, 1.000000, 0.709677, 0.709892, 0.709974
4, 5, 1, 0.550000, 0.779694, 0.550000, 1.000000, 0.709677, 0.709890, 0.709946
5, 1, 88, 0.483333, 0.717223, 0.387097, 0.500000, 0.436364, 0.740054, 0.742756
5, 2, 127, 0.566667, 0.710303, 0.458333, 0.458333, 0.458333, 0.740054, 0.742495
5, 3, 168, 0.533333, 0.713311, 0.428571, 0.500000, 0.461538, 0.740054, 0.742183
5, 4, 82, 0.616667, 0.703916, 0.526316, 0.416667, 0.465116, 0.740055, 0.745564
5, 5, 131, 0.616667, 0.703523, 0.526316, 0.416667, 0.465116, 0.740055, 0.752977
6, 1, 87, 0.600000, 0.697173, 0.656250, 0.617647, 0.636364, 0.707096, 0.707122
6, 2, 23, 0.600000, 0.697213, 0.656250, 0.617647, 0.636364, 0.707095, 0.707101
6, 3, 185, 0.600000, 0.697173, 0.656250, 0.617647, 0.636364, 0.707096, 0.715812
6, 4, 96, 0.600000, 0.696519, 0.656250, 0.617647, 0.636364, 0.707095, 0.707395
6, 5, 12, 0.600000, 0.697187, 0.656250, 0.617647, 0.636364, 0.707095, 0.714327
7, 1, 1, 0.450000, 0.737472, 0.468085, 0.733333, 0.571429, 0.728458, 0.728490
7, 2, 1, 0.450000, 0.737472, 0.468085, 0.733333, 0.571429, 0.728458, 0.740811
7, 3, 28, 0.500000, 0.732641, 0.500000, 0.366667, 0.423077, 0.728458, 0.732670
7, 4, 45, 0.450000, 0.737468, 0.468085, 0.733333, 0.571429, 0.728467, 0.728469
7, 5, 1, 0.450000, 0.737472, 0.468085, 0.733333, 0.571429, 0.728459, 0.729826
8, 1, 1, 0.616667, 0.693144, 0.616667, 1.000000, 0.762887, 0.702022, 0.702768
8, 2, 1, 0.616667, 0.703174, 0.616667, 1.000000, 0.762887, 0.702022, 0.702560
8, 3, 1, 0.616667, 0.693144, 0.616667, 1.000000, 0.762887, 0.702022, 0.703342
8, 4, 1, 0.616667, 0.693144, 0.616667, 1.000000, 0.762887, 0.702022, 0.702296
8, 5, 1, 0.616667, 0.703174, 0.616667, 1.000000, 0.762887, 0.702029, 0.711445
9, 1, 30, 0.616667, 0.690845, 0.562500, 0.360000, 0.439024, 0.703683, 0.704934
9, 2, 26, 0.616667, 0.691148, 0.562500, 0.360000, 0.439024, 0.703683, 0.719919
9, 3, 41, 0.616667, 0.691401, 0.562500, 0.360000, 0.439024, 0.703683, 0.718662
9, 4, 45, 0.616667, 0.691127, 0.562500, 0.360000, 0.439024, 0.703684, 0.717133
9, 5, 62, 0.616667, 0.691091, 0.562500, 0.360000, 0.439024, 0.703683, 0.703957
10, 1, 59, 0.600000, 0.700195, 0.640000, 0.516129, 0.571429, 0.709260, 0.715323
10, 2, 135, 0.533333, 0.697893, 0.542857, 0.612903, 0.575758, 0.709260, 0.709866
10, 3, 114, 0.600000, 0.700138, 0.640000, 0.516129, 0.571429, 0.709261, 0.709263
10, 4, 1, 0.500000, 0.722917, 0.508475, 0.967742, 0.666667, 0.709260, 0.709620
10, 5, 69, 0.616667, 0.705704, 0.750000, 0.387097, 0.510638, 0.709261, 0.712268
11, 1, 139, 0.616667, 0.711028, 0.823529, 0.411765, 0.549020, 0.703539, 0.703866
11, 2, 3, 0.550000, 0.692362, 0.563636, 0.911765, 0.696629, 0.703540, 0.705815
11, 3, 1, 0.533333, 0.691587, 0.555556, 0.882353, 0.681818, 0.703539, 0.703574
11, 4, 5, 0.550000, 0.693528, 0.561404, 0.941176, 0.703297, 0.703539, 0.706746
11, 5, 8, 0.550000, 0.692256, 0.563636, 0.911765, 0.696629, 0.703540, 0.705323
12, 1, 28, 0.516667, 0.693439, 0.428571, 0.346154, 0.382979, 0.702903, 0.702991
12, 2, 41, 0.483333, 0.710298, 0.444444, 0.769231, 0.563380, 0.702903, 0.706278
12, 3, 106, 0.600000, 0.690600, 0.571429, 0.307692, 0.400000, 0.702903, 0.703411
12, 4, 99, 0.600000, 0.690729, 0.571429, 0.307692, 0.400000, 0.702905, 0.702965
12, 5, 65, 0.516667, 0.693444, 0.428571, 0.346154, 0.382979, 0.702903, 0.703306
13, 1, 17, 0.616667, 0.692293, 0.720000, 0.529412, 0.610169, 0.687628, 0.691967
13, 2, 5, 0.616667, 0.689019, 0.703704, 0.558824, 0.622951, 0.687628, 0.687874
13, 3, 99, 0.616667, 0.691969, 0.720000, 0.529412, 0.610169, 0.687628, 0.694605
13, 4, 29, 0.616667, 0.691416, 0.720000, 0.529412, 0.610169, 0.687628, 0.688088
13, 5, 10, 0.616667, 0.692052, 0.720000, 0.529412, 0.610169, 0.687628, 0.689228
14, 1, 103, 0.600000, 0.678766, 0.628571, 0.666667, 0.647059, 0.705053, 0.713024
14, 2, 88, 0.600000, 0.678687, 0.628571, 0.666667, 0.647059, 0.705053, 0.719687
14, 3, 27, 0.600000, 0.678634, 0.628571, 0.666667, 0.647059, 0.705053, 0.709343
14, 4, 80, 0.600000, 0.678664, 0.628571, 0.666667, 0.647059, 0.705053, 0.705107
14, 5, 109, 0.600000, 0.678797, 0.628571, 0.666667, 0.647059, 0.705053, 0.706231
15, 1, 4, 0.566667, 0.714730, 0.526316, 0.714286, 0.606061, 0.684772, 0.685006
15, 2, 98, 0.566667, 0.714851, 0.526316, 0.714286, 0.606061, 0.684772, 0.684909
15, 3, 24, 0.566667, 0.714535, 0.526316, 0.714286, 0.606061, 0.684772, 0.689393
15, 4, 18, 0.566667, 0.714244, 0.526316, 0.714286, 0.606061, 0.684772, 0.687397
15, 5, 22, 0.566667, 0.716045, 0.525000, 0.750000, 0.617647, 0.684774, 0.685003
16, 1, 1, 0.450000, 0.839130, 0.450000, 1.000000, 0.620690, 0.690671, 0.692941
16, 2, 1, 0.450000, 0.839130, 0.450000, 1.000000, 0.620690, 0.690671, 0.691322
16, 3, 1, 0.450000, 0.839130, 0.450000, 1.000000, 0.620690, 0.690671, 0.690703
16, 4, 1, 0.450000, 0.866068, 0.450000, 1.000000, 0.620690, 0.690671, 0.690739
16, 5, 182, 0.550000, 0.697112, 0.000000, 0.000000, 0.000000, 0.690671, 0.694140
17, 1, 45, 0.666667, 0.685658, 0.717949, 0.756757, 0.736842, 0.699302, 0.711503
17, 2, 31, 0.666667, 0.684975, 0.717949, 0.756757, 0.736842, 0.699303, 0.699910
17, 3, 71, 0.666667, 0.685963, 0.717949, 0.756757, 0.736842, 0.699302, 0.700552
17, 4, 139, 0.666667, 0.685899, 0.717949, 0.756757, 0.736842, 0.699303, 0.704023
17, 5, 38, 0.666667, 0.685421, 0.717949, 0.756757, 0.736842, 0.699302, 0.699315
18, 1, 1, 0.516667, 0.749453, 0.516667, 1.000000, 0.681319, 0.698615, 0.698856
18, 2, 161, 0.533333, 0.707915, 0.636364, 0.225806, 0.333333, 0.698624, 0.701403
18, 3, 1, 0.516667, 0.765264, 0.516667, 1.000000, 0.681319, 0.698616, 0.705013
18, 4, 1, 0.516667, 0.765264, 0.516667, 1.000000, 0.681319, 0.698615, 0.698664
18, 5, 84, 0.533333, 0.707866, 0.636364, 0.225806, 0.333333, 0.698615, 0.702650
19, 1, 57, 0.583333, 0.694876, 0.600000, 0.727273, 0.657534, 0.700026, 0.703451
19, 2, 23, 0.583333, 0.694706, 0.600000, 0.727273, 0.657534, 0.700027, 0.705852
19, 3, 19, 0.583333, 0.694706, 0.600000, 0.727273, 0.657534, 0.700027, 0.700281
19, 4, 43, 0.583333, 0.694792, 0.600000, 0.727273, 0.657534, 0.700027, 0.701721
19, 5, 89, 0.583333, 0.694828, 0.600000, 0.727273, 0.657534, 0.700027, 0.700188
20, 1, 8, 0.550000, 0.703189, 0.543860, 0.968750, 0.696629, 0.690987, 0.691684
20, 2, 1, 0.533333, 0.727437, 0.533333, 1.000000, 0.695652, 0.690987, 0.697229
20, 3, 139, 0.550000, 0.703143, 0.543860, 0.968750, 0.696629, 0.690993, 0.691056
20, 4, 9, 0.550000, 0.703177, 0.543860, 0.968750, 0.696629, 0.690988, 0.691309
20, 5, 82, 0.550000, 0.703190, 0.543860, 0.968750, 0.696629, 0.690987, 0.691543
