# qvc TwoLocal incremental log
# combo: rotation_type=RX, entanglement=pairwise, ent_gate=IsingXX
# Columns: dim, num_layers, best_it, val_acc, val_loss, val_prec, val_rec, val_f1, lowest train loss, final train loss
2, 1, 101, 0.783333, 0.612704, 0.814815, 0.733333, 0.771930, 0.586300, 0.587666
2, 2, 40, 0.966667, 0.655626, 1.000000, 0.933333, 0.965517, 0.646901, 0.647914
2, 3, 31, 0.783333, 0.613255, 0.814815, 0.733333, 0.771930, 0.586298, 0.586404
2, 4, 65, 0.966667, 0.673211, 1.000000, 0.933333, 0.965517, 0.646903, 0.651350
2, 5, 27, 0.783333, 0.615951, 0.814815, 0.733333, 0.771930, 0.586304, 0.586312
3, 1, 6, 0.716667, 0.681657, 0.714286, 0.781250, 0.746269, 0.649407, 0.649436
3, 2, 145, 0.633333, 0.682733, 0.812500, 0.406250, 0.541667, 0.693011, 0.693849
3, 3, 46, 0.716667, 0.622983, 0.714286, 0.781250, 0.746269, 0.649424, 0.649586
3, 4, 124, 0.633333, 0.685326, 0.857143, 0.375000, 0.521739, 0.692958, 0.699584
3, 5, 4, 0.716667, 0.675701, 0.674419, 0.906250, 0.773333, 0.649406, 0.650049
4, 1, 31, 0.750000, 0.672453, 0.764706, 0.787879, 0.776119, 0.621944, 0.629045
4, 2, 59, 0.983333, 0.673626, 0.970588, 1.000000, 0.985075, 0.674337, 0.679618
4, 3, 38, 0.750000, 0.637489, 0.781250, 0.757576, 0.769231, 0.621930, 0.622706
4, 4, 137, 0.983333, 0.681565, 0.970588, 1.000000, 0.985075, 0.677032, 0.690529
4, 5, 49, 0.750000, 0.632524, 0.781250, 0.757576, 0.769231, 0.621930, 0.622876
5, 1, 16, 0.750000, 0.685286, 0.695652, 0.666667, 0.680851, 0.643581, 0.643765
5, 2, 1, 0.650000, 0.667767, 1.000000, 0.125000, 0.222222, 0.676130, 0.676141
5, 3, 47, 0.750000, 0.646207, 0.695652, 0.666667, 0.680851, 0.643585, 0.645305
5, 4, 39, 0.650000, 0.666925, 1.000000, 0.125000, 0.222222, 0.676768, 0.687576
5, 5, 75, 0.750000, 0.643807, 0.695652, 0.666667, 0.680851, 0.643581, 0.653033
6, 1, 1, 0.566667, 0.690383, 0.566667, 1.000000, 0.723404, 0.667114, 0.667705
6, 2, 23, 0.566667, 0.694503, 0.566667, 1.000000, 0.723404, 0.695216, 0.696059
6, 3, 1, 0.566667, 0.689793, 0.566667, 1.000000, 0.723404, 0.667082, 0.679668
6, 4, 13, 0.650000, 0.693501, 0.882353, 0.441176, 0.588235, 0.692000, 0.714797
6, 5, 1, 0.566667, 0.690083, 0.566667, 1.000000, 0.723404, 0.667138, 0.670307
7, 1, 73, 0.650000, 0.666895, 0.695652, 0.533333, 0.603774, 0.668813, 0.669615
7, 2, 1, 0.616667, 0.683202, 0.705882, 0.400000, 0.510638, 0.682615, 0.699170
7, 3, 10, 0.633333, 0.671209, 0.653846, 0.566667, 0.607143, 0.668807, 0.668866
7, 4, 24, 0.616667, 0.684373, 0.705882, 0.400000, 0.510638, 0.682663, 0.687738
7, 5, 5, 0.633333, 0.668358, 0.666667, 0.533333, 0.592593, 0.668810, 0.673196
8, 1, 52, 0.766667, 0.680845, 0.896552, 0.702703, 0.787879, 0.665284, 0.665284
8, 2, 61, 0.983333, 0.687558, 1.000000, 0.972973, 0.986301, 0.684562, 0.686639
8, 3, 153, 0.783333, 0.659866, 0.900000, 0.729730, 0.805970, 0.664605, 0.665050
8, 4, 1, 0.616667, 0.691205, 0.616667, 1.000000, 0.762887, 0.693470, 0.756646
8, 5, 59, 0.766667, 0.663810, 0.870968, 0.729730, 0.794118, 0.664604, 0.664692
9, 1, 120, 0.650000, 0.681279, 0.625000, 0.400000, 0.487805, 0.662444, 0.668862
9, 2, 8, 0.616667, 0.680212, 0.750000, 0.120000, 0.206897, 0.687088, 0.690331
9, 3, 41, 0.650000, 0.684641, 0.611111, 0.440000, 0.511628, 0.659768, 0.663446
9, 4, 73, 0.600000, 0.690485, 0.533333, 0.320000, 0.400000, 0.690815, 0.695127
9, 5, 26, 0.650000, 0.688561, 0.625000, 0.400000, 0.487805, 0.659891, 0.665274
10, 1, 88, 0.733333, 0.665517, 0.727273, 0.774194, 0.750000, 0.668089, 0.668674
10, 2, 46, 0.566667, 0.699330, 0.666667, 0.322581, 0.434783, 0.686360, 0.687151
10, 3, 46, 0.733333, 0.659503, 0.777778, 0.677419, 0.724138, 0.666979, 0.668779
10, 4, 23, 0.600000, 0.695211, 0.684211, 0.419355, 0.520000, 0.690167, 0.709888
10, 5, 46, 0.733333, 0.654450, 0.777778, 0.677419, 0.724138, 0.666987, 0.673805
11, 1, 21, 0.666667, 0.687728, 0.684211, 0.764706, 0.722222, 0.671186, 0.674917
11, 2, 127, 0.566667, 0.687754, 0.566667, 1.000000, 0.723404, 0.691781, 0.693085
11, 3, 116, 0.650000, 0.670733, 0.666667, 0.764706, 0.712329, 0.669516, 0.671876
11, 4, 25, 0.616667, 0.696854, 0.866667, 0.382353, 0.530612, 0.691538, 0.703546
11, 5, 34, 0.666667, 0.676880, 0.684211, 0.764706, 0.722222, 0.669434, 0.670404
12, 1, 73, 0.750000, 0.672188, 0.823529, 0.538462, 0.651163, 0.668946, 0.685848
12, 2, 2, 0.600000, 0.691872, 0.600000, 0.230769, 0.333333, 0.690939, 0.691771
12, 3, 65, 0.750000, 0.662245, 0.823529, 0.538462, 0.651163, 0.668388, 0.670358
12, 4, 147, 0.600000, 0.691889, 0.600000, 0.230769, 0.333333, 0.691325, 0.691890
12, 5, 70, 0.750000, 0.662305, 0.823529, 0.538462, 0.651163, 0.668387, 0.668405
13, 1, 18, 0.566667, 0.693886, 0.700000, 0.411765, 0.518519, 0.689270, 0.689499
13, 2, 106, 0.616667, 0.688693, 0.703704, 0.558824, 0.622951, 0.687587, 0.687631
13, 3, 1, 0.566667, 0.689154, 0.566667, 1.000000, 0.723404, 0.689239, 0.692041
13, 4, 36, 0.616667, 0.690235, 0.720000, 0.529412, 0.610169, 0.687555, 0.687613
13, 5, 30, 0.566667, 0.695497, 0.681818, 0.441176, 0.535714, 0.689234, 0.689343
14, 1, 90, 0.583333, 0.691620, 0.666667, 0.484848, 0.561404, 0.679794, 0.680921
14, 2, 165, 0.600000, 0.685777, 0.628571, 0.666667, 0.647059, 0.692272, 0.694272
14, 3, 34, 0.583333, 0.691764, 0.666667, 0.484848, 0.561404, 0.679292, 0.680649
14, 4, 25, 0.600000, 0.691630, 0.909091, 0.303030, 0.454545, 0.692227, 0.696015
14, 5, 15, 0.583333, 0.691900, 0.666667, 0.484848, 0.561404, 0.679291, 0.679404
15, 1, 84, 0.533333, 0.704973, 0.000000, 0.000000, 0.000000, 0.691230, 0.693777
15, 2, 34, 0.583333, 0.691079, 0.538462, 0.750000, 0.626866, 0.684730, 0.690328
15, 3, 106, 0.650000, 0.682779, 0.585366, 0.857143, 0.695652, 0.691051, 0.694930
15, 4, 32, 0.566667, 0.713673, 0.526316, 0.714286, 0.606061, 0.684744, 0.698562
15, 5, 70, 0.650000, 0.687601, 0.585366, 0.857143, 0.695652, 0.691114, 0.691647
16, 1, 126, 0.683333, 0.681161, 0.681818, 0.555556, 0.612245, 0.662629, 0.662629
16, 2, 95, 0.866667, 0.689660, 1.000000, 0.703704, 0.826087, 0.682126, 0.687678
16, 3, 46, 0.683333, 0.684751, 0.900000, 0.333333, 0.486486, 0.656742, 0.662161
16, 4, 9, 0.550000, 0.689746, 0.000000, 0.000000, 0.000000, 0.688206, 0.697256
16, 5, 50, 0.683333, 0.683656, 0.666667, 0.592593, 0.627451, 0.656740, 0.667742
17, 1, 74, 0.666667, 0.681190, 0.654545, 0.972973, 0.782609, 0.669328, 0.669328
17, 2, 79, 0.650000, 0.690059, 0.637931, 1.000000, 0.778947, 0.689820, 0.689903
17, 3, 32, 0.683333, 0.684849, 0.666667, 0.972973, 0.791209, 0.667091, 0.667091
17, 4, 122, 0.650000, 0.689258, 0.700000, 0.756757, 0.727273, 0.694438, 0.695744
17, 5, 110, 0.683333, 0.665560, 0.666667, 0.972973, 0.791209, 0.667120, 0.667876
18, 1, 145, 0.700000, 0.675827, 0.644444, 0.935484, 0.763158, 0.671307, 0.671307
18, 2, 69, 0.616667, 0.686462, 0.617647, 0.677419, 0.646154, 0.688607, 0.689510
18, 3, 20, 0.700000, 0.688419, 0.638298, 0.967742, 0.769231, 0.668667, 0.670226
18, 4, 160, 0.533333, 0.696460, 0.636364, 0.225806, 0.333333, 0.693592, 0.710805
18, 5, 32, 0.700000, 0.686793, 0.644444, 0.935484, 0.763158, 0.668669, 0.669120
19, 1, 93, 0.700000, 0.682631, 0.674419, 0.878788, 0.763158, 0.678538, 0.679514
19, 2, 21, 0.550000, 0.688764, 0.550000, 1.000000, 0.709677, 0.691539, 0.692171
19, 3, 149, 0.700000, 0.666772, 0.674419, 0.878788, 0.763158, 0.673243, 0.677538
19, 4, 38, 0.583333, 0.693012, 0.600000, 0.727273, 0.657534, 0.694616, 0.698625
19, 5, 71, 0.700000, 0.678608, 0.674419, 0.878788, 0.763158, 0.673245, 0.673354
20, 1, 141, 0.666667, 0.673423, 0.676471, 0.718750, 0.696970, 0.676493, 0.679283
20, 2, 13, 0.600000, 0.691322, 0.700000, 0.437500, 0.538462, 0.692711, 0.698994
20, 3, 86, 0.666667, 0.673972, 0.750000, 0.562500, 0.642857, 0.674164, 0.676921
20, 4, 83, 0.550000, 0.703137, 0.543860, 0.968750, 0.696629, 0.690638, 0.694690
20, 5, 27, 0.666667, 0.682865, 0.750000, 0.562500, 0.642857, 0.674280, 0.680300
