# qvc TwoLocal incremental log
# combo: rotation_type=RYRZ, entanglement=pairwise, ent_gate=CNOT
# Columns: dim, num_layers, best_it, val_acc, val_loss, val_prec, val_rec, val_f1, lowest train loss, final train loss
2, 1, 93, 0.883333, 0.640060, 0.870968, 0.900000, 0.885246, 0.628669, 0.631675
2, 2, 19, 0.883333, 0.627839, 0.896552, 0.866667, 0.881356, 0.571489, 0.571489
2, 3, 17, 0.900000, 0.623827, 0.875000, 0.933333, 0.903226, 0.570204, 0.597963
2, 4, 14, 0.833333, 0.599718, 0.812500, 0.866667, 0.838710, 0.570658, 0.619733
2, 5, 37, 0.883333, 0.651339, 0.960000, 0.800000, 0.872727, 0.572726, 0.599143
3, 1, 38, 0.516667, 0.818825, 0.588235, 0.312500, 0.408163, 0.689955, 0.690214
3, 2, 104, 0.750000, 0.635576, 0.869565, 0.625000, 0.727273, 0.632434, 0.632434
3, 3, 194, 0.783333, 0.623171, 0.743590, 0.906250, 0.816901, 0.629557, 0.638060
3, 4, 99, 0.766667, 0.630894, 0.781250, 0.781250, 0.781250, 0.630070, 0.636013
3, 5, 98, 0.783333, 0.623821, 0.787879, 0.812500, 0.800000, 0.631084, 0.633540
4, 1, 1, 0.550000, 0.762408, 0.550000, 1.000000, 0.709677, 0.690441, 0.690441
4, 2, 171, 0.583333, 0.718700, 1.000000, 0.242424, 0.390244, 0.687544, 0.687544
4, 3, 15, 0.866667, 0.640464, 0.962963, 0.787879, 0.866667, 0.617102, 0.635635
4, 4, 20, 0.833333, 0.638259, 0.960000, 0.727273, 0.827586, 0.620097, 0.636229
4, 5, 106, 0.800000, 0.633495, 0.769231, 0.909091, 0.833333, 0.617829, 0.619361
5, 1, 183, 0.616667, 0.673335, 0.571429, 0.166667, 0.258065, 0.716277, 0.716277
5, 2, 34, 0.750000, 0.660636, 0.764706, 0.541667, 0.634146, 0.643782, 0.649548
5, 3, 137, 0.766667, 0.639991, 0.750000, 0.625000, 0.681818, 0.645184, 0.651124
5, 4, 149, 0.783333, 0.636229, 0.761905, 0.666667, 0.711111, 0.643056, 0.645327
5, 5, 106, 0.766667, 0.636212, 0.777778, 0.583333, 0.666667, 0.645655, 0.685929
6, 1, 33, 0.600000, 0.688936, 0.647059, 0.647059, 0.647059, 0.685424, 0.685424
6, 2, 19, 0.616667, 0.685698, 0.657143, 0.676471, 0.666667, 0.651738, 0.651738
6, 3, 130, 0.650000, 0.671548, 0.696970, 0.676471, 0.686567, 0.649712, 0.649712
6, 4, 160, 0.683333, 0.664993, 0.894737, 0.500000, 0.641509, 0.651413, 0.658308
6, 5, 162, 0.700000, 0.661862, 0.807692, 0.617647, 0.700000, 0.650176, 0.650176
7, 1, 158, 0.633333, 0.679031, 0.750000, 0.400000, 0.521739, 0.670336, 0.671375
7, 2, 168, 0.750000, 0.661986, 0.800000, 0.666667, 0.727273, 0.650921, 0.662494
7, 3, 126, 0.766667, 0.660327, 0.807692, 0.700000, 0.750000, 0.646458, 0.653306
7, 4, 199, 0.766667, 0.655102, 0.833333, 0.666667, 0.740741, 0.648158, 0.648405
7, 5, 160, 0.716667, 0.653080, 0.709677, 0.733333, 0.721311, 0.646073, 0.647464
8, 1, 1, 0.616667, 0.692246, 0.616667, 1.000000, 0.762887, 0.702180, 0.703245
8, 2, 1, 0.616667, 0.704862, 0.616667, 1.000000, 0.762887, 0.702299, 0.721353
8, 3, 1, 0.616667, 0.690441, 0.616667, 1.000000, 0.762887, 0.702993, 0.713323
8, 4, 157, 0.650000, 0.688766, 0.766667, 0.621622, 0.686567, 0.676595, 0.676595
8, 5, 50, 0.866667, 0.656583, 0.853659, 0.945946, 0.897436, 0.660498, 0.679844
9, 1, 199, 0.616667, 0.691010, 0.562500, 0.360000, 0.439024, 0.703043, 0.703043
9, 2, 17, 0.600000, 0.684371, 0.666667, 0.080000, 0.142857, 0.676455, 0.676480
9, 3, 32, 0.600000, 0.680414, 0.666667, 0.080000, 0.142857, 0.661925, 0.667901
9, 4, 12, 0.666667, 0.686285, 0.592593, 0.640000, 0.615385, 0.654288, 0.674896
9, 5, 137, 0.600000, 0.672174, 0.600000, 0.120000, 0.200000, 0.659663, 0.670990
10, 1, 24, 0.600000, 0.701381, 0.640000, 0.516129, 0.571429, 0.708869, 0.711315
10, 2, 100, 0.600000, 0.701523, 0.666667, 0.451613, 0.538462, 0.699409, 0.699409
10, 3, 27, 0.616667, 0.700164, 0.750000, 0.387097, 0.510638, 0.708045, 0.712802
10, 4, 136, 0.600000, 0.698454, 0.629630, 0.548387, 0.586207, 0.707120, 0.709541
10, 5, 159, 0.650000, 0.687819, 0.727273, 0.516129, 0.603774, 0.680035, 0.680035
11, 1, 180, 0.600000, 0.689969, 0.678571, 0.558824, 0.612903, 0.700409, 0.702178
11, 2, 181, 0.700000, 0.663589, 0.766667, 0.676471, 0.718750, 0.681897, 0.682138
11, 3, 84, 0.700000, 0.670416, 0.766667, 0.676471, 0.718750, 0.669171, 0.671494
11, 4, 89, 0.683333, 0.679716, 0.857143, 0.529412, 0.654545, 0.665646, 0.680760
11, 5, 94, 0.666667, 0.671361, 0.733333, 0.647059, 0.687500, 0.670578, 0.671035
12, 1, 116, 0.633333, 0.682830, 0.833333, 0.192308, 0.312500, 0.698819, 0.700813
12, 2, 174, 0.666667, 0.680763, 0.714286, 0.384615, 0.500000, 0.697189, 0.698502
12, 3, 143, 0.716667, 0.663625, 0.846154, 0.423077, 0.564103, 0.677659, 0.712196
12, 4, 198, 0.783333, 0.662332, 0.933333, 0.538462, 0.682927, 0.674024, 0.678270
12, 5, 170, 0.700000, 0.662410, 0.653846, 0.653846, 0.653846, 0.665522, 0.667461
13, 1, 138, 0.683333, 0.668382, 0.800000, 0.588235, 0.677966, 0.672410, 0.676819
13, 2, 177, 0.733333, 0.655250, 0.800000, 0.705882, 0.750000, 0.668670, 0.682520
13, 3, 120, 0.783333, 0.659627, 0.920000, 0.676471, 0.779661, 0.661868, 0.661868
13, 4, 189, 0.750000, 0.652736, 0.880000, 0.647059, 0.745763, 0.662523, 0.672760
13, 5, 163, 0.800000, 0.652886, 0.866667, 0.764706, 0.812500, 0.662648, 0.678195
14, 1, 154, 0.716667, 0.670167, 0.900000, 0.545455, 0.679245, 0.676756, 0.676756
14, 2, 122, 0.700000, 0.659993, 0.777778, 0.636364, 0.700000, 0.668498, 0.668498
14, 3, 78, 0.666667, 0.668861, 0.760000, 0.575758, 0.655172, 0.674075, 0.674075
14, 4, 116, 0.750000, 0.662461, 0.846154, 0.666667, 0.745763, 0.664652, 0.668085
14, 5, 143, 0.766667, 0.663421, 0.913043, 0.636364, 0.750000, 0.663480, 0.664425
15, 1, 87, 0.600000, 0.710005, 0.550000, 0.785714, 0.647059, 0.671582, 0.681834
15, 2, 160, 0.700000, 0.672147, 0.666667, 0.714286, 0.689655, 0.663073, 0.663126
15, 3, 197, 0.683333, 0.661031, 0.800000, 0.428571, 0.558140, 0.665648, 0.665648
15, 4, 169, 0.600000, 0.678022, 0.583333, 0.500000, 0.538462, 0.665200, 0.665200
15, 5, 194, 0.616667, 0.671859, 0.631579, 0.428571, 0.510638, 0.664864, 0.664873
16, 1, 1, 0.450000, 0.836001, 0.450000, 1.000000, 0.620690, 0.688412, 0.688412
16, 2, 35, 0.550000, 0.697967, 0.500000, 0.037037, 0.068966, 0.692137, 0.693909
16, 3, 16, 0.566667, 0.698000, 0.666667, 0.074074, 0.133333, 0.687332, 0.688757
16, 4, 200, 0.583333, 0.684653, 0.520000, 0.962963, 0.675325, 0.674191, 0.675714
16, 5, 183, 0.683333, 0.681108, 0.785714, 0.407407, 0.536585, 0.673260, 0.681019
17, 1, 12, 0.683333, 0.687126, 0.764706, 0.702703, 0.732394, 0.699976, 0.702126
17, 2, 12, 0.683333, 0.682103, 0.736842, 0.756757, 0.746667, 0.682907, 0.692032
17, 3, 88, 0.700000, 0.678798, 0.743590, 0.783784, 0.763158, 0.685145, 0.685145
17, 4, 5, 0.700000, 0.681257, 0.756757, 0.756757, 0.756757, 0.679584, 0.679799
17, 5, 19, 0.683333, 0.681227, 0.736842, 0.756757, 0.746667, 0.669499, 0.669499
18, 1, 1, 0.516667, 0.745703, 0.516667, 1.000000, 0.681319, 0.696133, 0.706483
18, 2, 200, 0.583333, 0.688718, 0.565217, 0.838710, 0.675325, 0.685352, 0.685352
18, 3, 194, 0.566667, 0.689237, 0.558140, 0.774194, 0.648649, 0.682395, 0.684241
18, 4, 86, 0.550000, 0.696220, 0.750000, 0.193548, 0.307692, 0.678710, 0.682908
18, 5, 139, 0.583333, 0.693016, 0.565217, 0.838710, 0.675325, 0.681977, 0.682957
19, 1, 104, 0.600000, 0.692991, 0.628571, 0.666667, 0.647059, 0.696805, 0.697322
19, 2, 114, 0.616667, 0.689176, 0.647059, 0.666667, 0.656716, 0.677811, 0.691098
19, 3, 180, 0.616667, 0.685697, 0.619048, 0.787879, 0.693333, 0.681809, 0.681809
19, 4, 145, 0.633333, 0.689213, 0.720000, 0.545455, 0.620690, 0.678800, 0.686307
19, 5, 74, 0.633333, 0.685648, 0.641026, 0.757576, 0.694444, 0.673812, 0.675502
20, 1, 27, 0.550000, 0.704033, 0.543860, 0.968750, 0.696629, 0.688999, 0.689047
20, 2, 198, 0.566667, 0.703542, 0.553571, 0.968750, 0.704545, 0.686246, 0.694387
20, 3, 169, 0.566667, 0.704433, 0.875000, 0.218750, 0.350000, 0.681970, 0.681997
20, 4, 83, 0.566667, 0.704254, 0.553571, 0.968750, 0.704545, 0.683202, 0.689995
20, 5, 187, 0.600000, 0.692260, 1.000000, 0.250000, 0.400000, 0.680171, 0.704836
