# qvc TwoLocal incremental log
# combo: rotation_type=RZ, entanglement=chain, ent_gate=CZ
# Columns: dim, num_layers, best_it, val_acc, val_loss, val_prec, val_rec, val_f1, lowest train loss, final train loss
2, 1, 1, 0.466667, 0.849994, 0.482759, 0.933333, 0.636364, 0.753414, 0.753630
2, 2, 137, 0.500000, 0.753491, 0.000000, 0.000000, 0.000000, 0.753415, 0.753588
2, 3, 1, 0.466667, 0.829996, 0.482759, 0.933333, 0.636364, 0.753414, 0.754138
2, 4, 2, 0.483333, 0.859397, 0.491525, 0.966667, 0.651685, 0.753414, 0.753784
2, 5, 1, 0.466667, 0.849994, 0.482759, 0.933333, 0.636364, 0.753414, 0.757322
3, 1, 25, 0.483333, 0.799643, 0.516129, 0.500000, 0.507937, 0.731885, 0.735760
3, 2, 40, 0.466667, 0.797574, 0.500000, 0.500000, 0.500000, 0.731885, 0.737395
3, 3, 57, 0.483333, 0.799641, 0.516129, 0.500000, 0.507937, 0.731885, 0.733071
3, 4, 151, 0.483333, 0.799683, 0.516129, 0.500000, 0.507937, 0.731889, 0.738229
3, 5, 45, 0.516667, 0.825939, 0.588235, 0.312500, 0.408163, 0.731886, 0.732236
4, 1, 1, 0.550000, 0.763573, 0.550000, 1.000000, 0.709677, 0.709890, 0.709892
4, 2, 1, 0.550000, 0.763573, 0.550000, 1.000000, 0.709677, 0.709893, 0.710260
4, 3, 1, 0.550000, 0.763573, 0.550000, 1.000000, 0.709677, 0.709890, 0.715140
4, 4, 1, 0.550000, 0.763573, 0.550000, 1.000000, 0.709677, 0.709892, 0.713329
4, 5, 1, 0.550000, 0.779694, 0.550000, 1.000000, 0.709677, 0.709890, 0.710238
5, 1, 68, 0.566667, 0.711065, 0.458333, 0.458333, 0.458333, 0.740054, 0.744310
5, 2, 52, 0.433333, 0.730574, 0.368421, 0.583333, 0.451613, 0.740055, 0.741899
5, 3, 179, 0.483333, 0.716345, 0.387097, 0.500000, 0.436364, 0.740055, 0.743304
5, 4, 100, 0.533333, 0.712617, 0.428571, 0.500000, 0.461538, 0.740055, 0.748460
5, 5, 95, 0.583333, 0.707134, 0.478261, 0.458333, 0.468085, 0.740056, 0.740890
6, 1, 12, 0.583333, 0.686733, 0.595745, 0.823529, 0.691358, 0.707095, 0.707098
6, 2, 69, 0.600000, 0.697371, 0.656250, 0.617647, 0.636364, 0.707098, 0.707365
6, 3, 166, 0.600000, 0.696963, 0.656250, 0.617647, 0.636364, 0.707095, 0.707861
6, 4, 153, 0.650000, 0.717798, 0.882353, 0.441176, 0.588235, 0.707095, 0.711863
6, 5, 1, 0.583333, 0.685995, 0.600000, 0.794118, 0.683544, 0.707095, 0.708011
7, 1, 53, 0.466667, 0.730911, 0.461538, 0.400000, 0.428571, 0.728459, 0.732068
7, 2, 131, 0.483333, 0.731313, 0.480000, 0.400000, 0.436364, 0.728460, 0.730834
7, 3, 141, 0.516667, 0.734010, 0.523810, 0.366667, 0.431373, 0.728458, 0.731332
7, 4, 23, 0.483333, 0.731227, 0.480000, 0.400000, 0.436364, 0.728458, 0.733670
7, 5, 23, 0.516667, 0.733895, 0.523810, 0.366667, 0.431373, 0.728459, 0.729134
8, 1, 1, 0.616667, 0.703174, 0.616667, 1.000000, 0.762887, 0.702022, 0.702145
8, 2, 1, 0.616667, 0.693144, 0.616667, 1.000000, 0.762887, 0.702022, 0.702837
8, 3, 1, 0.616667, 0.693144, 0.616667, 1.000000, 0.762887, 0.702024, 0.710014
8, 4, 1, 0.616667, 0.693144, 0.616667, 1.000000, 0.762887, 0.702022, 0.705355
8, 5, 1, 0.616667, 0.693144, 0.616667, 1.000000, 0.762887, 0.702022, 0.703237
9, 1, 145, 0.616667, 0.690674, 0.562500, 0.360000, 0.439024, 0.703685, 0.704378
9, 2, 24, 0.616667, 0.691528, 0.562500, 0.360000, 0.439024, 0.703683, 0.707211
9, 3, 27, 0.616667, 0.691107, 0.562500, 0.360000, 0.439024, 0.703684, 0.705041
9, 4, 51, 0.616667, 0.691019, 0.562500, 0.360000, 0.439024, 0.703685, 0.704652
9, 5, 119, 0.616667, 0.691421, 0.562500, 0.360000, 0.439024, 0.703684, 0.711504
10, 1, 197, 0.600000, 0.700365, 0.652174, 0.483871, 0.555556, 0.709260, 0.717095
10, 2, 123, 0.616667, 0.704914, 0.750000, 0.387097, 0.510638, 0.709261, 0.710688
10, 3, 1, 0.500000, 0.722917, 0.508475, 0.967742, 0.666667, 0.709260, 0.709296
10, 4, 199, 0.550000, 0.698046, 0.558824, 0.612903, 0.584615, 0.709261, 0.711608
10, 5, 44, 0.566667, 0.698444, 0.580645, 0.580645, 0.580645, 0.709260, 0.712536
11, 1, 144, 0.550000, 0.692168, 0.563636, 0.911765, 0.696629, 0.703540, 0.705583
11, 2, 7, 0.550000, 0.692067, 0.563636, 0.911765, 0.696629, 0.703540, 0.707169
11, 3, 7, 0.550000, 0.693584, 0.561404, 0.941176, 0.703297, 0.703539, 0.706409
11, 4, 55, 0.616667, 0.711103, 0.823529, 0.411765, 0.549020, 0.703539, 0.704087
11, 5, 189, 0.616667, 0.711036, 0.823529, 0.411765, 0.549020, 0.703539, 0.719535
12, 1, 175, 0.533333, 0.692330, 0.450000, 0.346154, 0.391304, 0.702905, 0.703492
12, 2, 118, 0.616667, 0.689105, 0.800000, 0.153846, 0.258065, 0.702903, 0.703328
12, 3, 12, 0.500000, 0.704628, 0.447368, 0.653846, 0.531250, 0.702904, 0.713385
12, 4, 168, 0.600000, 0.690602, 0.571429, 0.307692, 0.400000, 0.702903, 0.702999
12, 5, 56, 0.600000, 0.690516, 0.571429, 0.307692, 0.400000, 0.702904, 0.710974
13, 1, 7, 0.616667, 0.688917, 0.703704, 0.558824, 0.622951, 0.687628, 0.689379
13, 2, 70, 0.616667, 0.691173, 0.720000, 0.529412, 0.610169, 0.687628, 0.687752
13, 3, 10, 0.616667, 0.689145, 0.703704, 0.558824, 0.622951, 0.687628, 0.708760
13, 4, 49, 0.616667, 0.688964, 0.703704, 0.558824, 0.622951, 0.687628, 0.689408
13, 5, 8, 0.616667, 0.690913, 0.720000, 0.529412, 0.610169, 0.687628, 0.696065
14, 1, 13, 0.600000, 0.678648, 0.628571, 0.666667, 0.647059, 0.705053, 0.705983
14, 2, 108, 0.600000, 0.690981, 0.800000, 0.363636, 0.500000, 0.705053, 0.705581
14, 3, 49, 0.600000, 0.681532, 0.645161, 0.606061, 0.625000, 0.705053, 0.708418
14, 4, 20, 0.600000, 0.678673, 0.628571, 0.666667, 0.647059, 0.705053, 0.707457
14, 5, 195, 0.583333, 0.678506, 0.611111, 0.666667, 0.637681, 0.705053, 0.706793
15, 1, 16, 0.566667, 0.716102, 0.525000, 0.750000, 0.617647, 0.684772, 0.685199
15, 2, 2, 0.566667, 0.715894, 0.525000, 0.750000, 0.617647, 0.684772, 0.688106
15, 3, 51, 0.566667, 0.714239, 0.526316, 0.714286, 0.606061, 0.684772, 0.685307
15, 4, 43, 0.566667, 0.716037, 0.525000, 0.750000, 0.617647, 0.684772, 0.700717
15, 5, 40, 0.566667, 0.714137, 0.526316, 0.714286, 0.606061, 0.684773, 0.687895
16, 1, 1, 0.450000, 0.839130, 0.450000, 1.000000, 0.620690, 0.690672, 0.697627
16, 2, 120, 0.550000, 0.696838, 0.000000, 0.000000, 0.000000, 0.690671, 0.691505
16, 3, 70, 0.550000, 0.697030, 0.000000, 0.000000, 0.000000, 0.690671, 0.694536
16, 4, 72, 0.550000, 0.697166, 0.000000, 0.000000, 0.000000, 0.690671, 0.690810
16, 5, 1, 0.450000, 0.839130, 0.450000, 1.000000, 0.620690, 0.690671, 0.690697
17, 1, 55, 0.666667, 0.686489, 0.717949, 0.756757, 0.736842, 0.699305, 0.706434
17, 2, 43, 0.666667, 0.685443, 0.717949, 0.756757, 0.736842, 0.699302, 0.702114
17, 3, 30, 0.666667, 0.685016, 0.717949, 0.756757, 0.736842, 0.699302, 0.699359
17, 4, 64, 0.666667, 0.685077, 0.717949, 0.756757, 0.736842, 0.699302, 0.700650
17, 5, 176, 0.666667, 0.685721, 0.717949, 0.756757, 0.736842, 0.699302, 0.700303
18, 1, 32, 0.533333, 0.707805, 0.636364, 0.225806, 0.333333, 0.698615, 0.709666
18, 2, 1, 0.516667, 0.749453, 0.516667, 1.000000, 0.681319, 0.698619, 0.699282
18, 3, 106, 0.533333, 0.706538, 0.615385, 0.258065, 0.363636, 0.698615, 0.704113
18, 4, 48, 0.533333, 0.706588, 0.615385, 0.258065, 0.363636, 0.698615, 0.701180
18, 5, 1, 0.516667, 0.749453, 0.516667, 1.000000, 0.681319, 0.698615, 0.702890
19, 1, 91, 0.583333, 0.694624, 0.600000, 0.727273, 0.657534, 0.700028, 0.700415
19, 2, 24, 0.583333, 0.694653, 0.600000, 0.727273, 0.657534, 0.700026, 0.712305
19, 3, 29, 0.583333, 0.694718, 0.600000, 0.727273, 0.657534, 0.700026, 0.702691
19, 4, 91, 0.583333, 0.694692, 0.600000, 0.727273, 0.657534, 0.700026, 0.702690
19, 5, 21, 0.583333, 0.694788, 0.600000, 0.727273, 0.657534, 0.700026, 0.704289
20, 1, 70, 0.550000, 0.703169, 0.543860, 0.968750, 0.696629, 0.690987, 0.691137
20, 2, 191, 0.550000, 0.703171, 0.543860, 0.968750, 0.696629, 0.690987, 0.692278
20, 3, 76, 0.550000, 0.703164, 0.543860, 0.968750, 0.696629, 0.690987, 0.691952
20, 4, 59, 0.550000, 0.703209, 0.543860, 0.968750, 0.696629, 0.690987, 0.691157
20, 5, 157, 0.550000, 0.703159, 0.543860, 0.968750, 0.696629, 0.690987, 0.691050
