# qvc TwoLocal incremental log
# combo: rotation_type=RX, entanglement=full, ent_gate=CZ
# Columns: dim, num_layers, best_it, val_acc, val_loss, val_prec, val_rec, val_f1, lowest train loss, final train loss
2, 1, 184, 0.666667, 0.676759, 1.000000, 0.333333, 0.500000, 0.676239, 0.688576
2, 2, 164, 0.683333, 0.682572, 1.000000, 0.366667, 0.536585, 0.669691, 0.674442
2, 3, 169, 0.900000, 0.627114, 0.961538, 0.833333, 0.892857, 0.626009, 0.630296
2, 4, 164, 0.900000, 0.631308, 0.900000, 0.900000, 0.900000, 0.624197, 0.626652
2, 5, 119, 0.883333, 0.626272, 1.000000, 0.766667, 0.867925, 0.625319, 0.630594
3, 1, 138, 0.633333, 0.691721, 0.812500, 0.406250, 0.541667, 0.693001, 0.693464
3, 2, 105, 0.700000, 0.668969, 0.769231, 0.625000, 0.689655, 0.676345, 0.685688
3, 3, 189, 0.766667, 0.658425, 0.875000, 0.656250, 0.750000, 0.673845, 0.683592
3, 4, 125, 0.783333, 0.646185, 0.851852, 0.718750, 0.779661, 0.661429, 0.663048
3, 5, 51, 0.733333, 0.660668, 0.750000, 0.750000, 0.750000, 0.657238, 0.667732
4, 1, 1, 0.550000, 0.763306, 0.550000, 1.000000, 0.709677, 0.702348, 0.702483
4, 2, 158, 0.600000, 0.732073, 0.909091, 0.303030, 0.454545, 0.701099, 0.707662
4, 3, 181, 0.733333, 0.641653, 0.717949, 0.848485, 0.777778, 0.641529, 0.646882
4, 4, 199, 0.733333, 0.642343, 0.869565, 0.606061, 0.714286, 0.638991, 0.642189
4, 5, 148, 0.750000, 0.639898, 0.736842, 0.848485, 0.788732, 0.640923, 0.641412
5, 1, 80, 0.400000, 0.741697, 0.400000, 1.000000, 0.571429, 0.683082, 0.683082
5, 2, 142, 0.700000, 0.665382, 0.800000, 0.333333, 0.470588, 0.679419, 0.689457
5, 3, 183, 0.816667, 0.653619, 0.809524, 0.708333, 0.755556, 0.651867, 0.651867
5, 4, 165, 0.750000, 0.646781, 0.655172, 0.791667, 0.716981, 0.646835, 0.658512
5, 5, 114, 0.783333, 0.643625, 0.703704, 0.791667, 0.745098, 0.642450, 0.647359
6, 1, 164, 0.616667, 0.699756, 0.866667, 0.382353, 0.530612, 0.697644, 0.700018
6, 2, 1, 0.583333, 0.685941, 0.600000, 0.794118, 0.683544, 0.685735, 0.698927
6, 3, 106, 0.616667, 0.677706, 0.622222, 0.823529, 0.708861, 0.655330, 0.655697
6, 4, 8, 0.600000, 0.689726, 0.656250, 0.617647, 0.636364, 0.655538, 0.660274
6, 5, 128, 0.616667, 0.676382, 0.600000, 0.970588, 0.741573, 0.655257, 0.655812
7, 1, 98, 0.583333, 0.684316, 0.580645, 0.600000, 0.590164, 0.682647, 0.682648
7, 2, 88, 0.500000, 0.704728, 0.500000, 1.000000, 0.666667, 0.679890, 0.679890
7, 3, 180, 0.650000, 0.672847, 0.655172, 0.633333, 0.644068, 0.668468, 0.669784
7, 4, 44, 0.616667, 0.686018, 0.652174, 0.500000, 0.566038, 0.670483, 0.670483
7, 5, 87, 0.683333, 0.671893, 0.761905, 0.533333, 0.627451, 0.655727, 0.656809
8, 1, 1, 0.616667, 0.692948, 0.616667, 1.000000, 0.762887, 0.699668, 0.702063
8, 2, 1, 0.616667, 0.692711, 0.616667, 1.000000, 0.762887, 0.700292, 0.703639
8, 3, 178, 0.700000, 0.673991, 0.711111, 0.864865, 0.780488, 0.685641, 0.686499
8, 4, 148, 0.633333, 0.688141, 0.857143, 0.486486, 0.620690, 0.684784, 0.705338
8, 5, 183, 0.683333, 0.657895, 0.875000, 0.567568, 0.688525, 0.669857, 0.674513
9, 1, 18, 0.616667, 0.690233, 0.562500, 0.360000, 0.439024, 0.698413, 0.698413
9, 2, 19, 0.616667, 0.679257, 0.750000, 0.120000, 0.206897, 0.687607, 0.692958
9, 3, 70, 0.616667, 0.694695, 0.625000, 0.200000, 0.303030, 0.672789, 0.677725
9, 4, 150, 0.666667, 0.681701, 1.000000, 0.200000, 0.333333, 0.664914, 0.666305
9, 5, 155, 0.733333, 0.663848, 0.800000, 0.480000, 0.600000, 0.640928, 0.645562
10, 1, 193, 0.516667, 0.702001, 0.516667, 1.000000, 0.681319, 0.699565, 0.703612
10, 2, 119, 0.600000, 0.698073, 0.629630, 0.548387, 0.586207, 0.696681, 0.697533
10, 3, 139, 0.616667, 0.691476, 1.000000, 0.258065, 0.410256, 0.671889, 0.676827
10, 4, 15, 0.566667, 0.694253, 0.586207, 0.548387, 0.566667, 0.675664, 0.675664
10, 5, 33, 0.650000, 0.686203, 0.678571, 0.612903, 0.644068, 0.666464, 0.666464
11, 1, 123, 0.616667, 0.697577, 0.823529, 0.411765, 0.549020, 0.694662, 0.695687
11, 2, 37, 0.600000, 0.704084, 0.812500, 0.382353, 0.520000, 0.691716, 0.691741
11, 3, 198, 0.633333, 0.674273, 0.615385, 0.941176, 0.744186, 0.680206, 0.683532
11, 4, 29, 0.600000, 0.700585, 0.777778, 0.411765, 0.538462, 0.663686, 0.664733
11, 5, 23, 0.616667, 0.703172, 0.823529, 0.411765, 0.549020, 0.680375, 0.680375
12, 1, 127, 0.616667, 0.688200, 0.800000, 0.153846, 0.258065, 0.693234, 0.693234
12, 2, 120, 0.616667, 0.687663, 1.000000, 0.115385, 0.206897, 0.696487, 0.697261
12, 3, 129, 0.633333, 0.684461, 0.700000, 0.269231, 0.388889, 0.677681, 0.678145
12, 4, 115, 0.666667, 0.685266, 0.687500, 0.423077, 0.523810, 0.679364, 0.679688
12, 5, 63, 0.633333, 0.678715, 0.625000, 0.384615, 0.476190, 0.677714, 0.680048
13, 1, 13, 0.616667, 0.689308, 0.703704, 0.558824, 0.622951, 0.687592, 0.699630
13, 2, 21, 0.583333, 0.694881, 0.695652, 0.470588, 0.561404, 0.680852, 0.686011
13, 3, 24, 0.666667, 0.678999, 0.733333, 0.647059, 0.687500, 0.677154, 0.683496
13, 4, 75, 0.650000, 0.678346, 0.685714, 0.705882, 0.695652, 0.674340, 0.689853
13, 5, 187, 0.666667, 0.696869, 0.850000, 0.500000, 0.629630, 0.675742, 0.683157
14, 1, 70, 0.600000, 0.685131, 0.628571, 0.666667, 0.647059, 0.692614, 0.698105
14, 2, 4, 0.583333, 0.676955, 0.595238, 0.757576, 0.666667, 0.688575, 0.693046
14, 3, 47, 0.633333, 0.671247, 0.627907, 0.818182, 0.710526, 0.671163, 0.671398
14, 4, 82, 0.666667, 0.679207, 0.696970, 0.696970, 0.696970, 0.683449, 0.684598
14, 5, 149, 0.666667, 0.677279, 0.809524, 0.515152, 0.629630, 0.673791, 0.673791
15, 1, 3, 0.566667, 0.713972, 0.526316, 0.714286, 0.606061, 0.684761, 0.684994
15, 2, 23, 0.566667, 0.709062, 0.531250, 0.607143, 0.566667, 0.683911, 0.683911
15, 3, 108, 0.633333, 0.699432, 1.000000, 0.214286, 0.352941, 0.676510, 0.678618
15, 4, 137, 0.550000, 0.697782, 0.529412, 0.321429, 0.400000, 0.673007, 0.678971
15, 5, 189, 0.616667, 0.679594, 0.575758, 0.678571, 0.622951, 0.679060, 0.685861
16, 1, 20, 0.550000, 0.694682, 0.000000, 0.000000, 0.000000, 0.689896, 0.690690
16, 2, 1, 0.450000, 0.838318, 0.450000, 1.000000, 0.620690, 0.688015, 0.689805
16, 3, 36, 0.483333, 0.696524, 0.456522, 0.777778, 0.575342, 0.688201, 0.688310
16, 4, 36, 0.550000, 0.694932, 0.000000, 0.000000, 0.000000, 0.689993, 0.691668
16, 5, 199, 0.683333, 0.673346, 0.633333, 0.703704, 0.666667, 0.680102, 0.686757
17, 1, 47, 0.666667, 0.686172, 0.717949, 0.756757, 0.736842, 0.697543, 0.710811
17, 2, 54, 0.666667, 0.691003, 0.814815, 0.594595, 0.687500, 0.695851, 0.705586
17, 3, 24, 0.683333, 0.688338, 0.764706, 0.702703, 0.732394, 0.686676, 0.702048
17, 4, 190, 0.633333, 0.672909, 0.674419, 0.783784, 0.725000, 0.673981, 0.674636
17, 5, 37, 0.633333, 0.685573, 0.714286, 0.675676, 0.694444, 0.677298, 0.678677
18, 1, 1, 0.516667, 0.749247, 0.516667, 1.000000, 0.681319, 0.697129, 0.703075
18, 2, 104, 0.583333, 0.698274, 0.714286, 0.322581, 0.444444, 0.687029, 0.691357
18, 3, 76, 0.583333, 0.707186, 0.750000, 0.290323, 0.418605, 0.686582, 0.686638
18, 4, 84, 0.566667, 0.708057, 0.727273, 0.258065, 0.380952, 0.685052, 0.686131
18, 5, 148, 0.550000, 0.713535, 1.000000, 0.129032, 0.228571, 0.681595, 0.689444
19, 1, 101, 0.583333, 0.693850, 0.600000, 0.727273, 0.657534, 0.697871, 0.701445
19, 2, 95, 0.583333, 0.692811, 0.605263, 0.696970, 0.647887, 0.691606, 0.701560
19, 3, 13, 0.583333, 0.695503, 0.617647, 0.636364, 0.626866, 0.684516, 0.686008
19, 4, 1, 0.550000, 0.711528, 0.550000, 1.000000, 0.709677, 0.679681, 0.680327
19, 5, 157, 0.616667, 0.700383, 0.727273, 0.484848, 0.581818, 0.675618, 0.697893
20, 1, 76, 0.550000, 0.703220, 0.543860, 0.968750, 0.696629, 0.690845, 0.697111
20, 2, 49, 0.533333, 0.704558, 0.534483, 0.968750, 0.688889, 0.690689, 0.694103
20, 3, 127, 0.566667, 0.699945, 0.557692, 0.906250, 0.690476, 0.686248, 0.686597
20, 4, 19, 0.550000, 0.700594, 0.547170, 0.906250, 0.682353, 0.686932, 0.686932
20, 5, 149, 0.550000, 0.693550, 0.545455, 0.937500, 0.689655, 0.677471, 0.677764
