# qvc TwoLocal incremental log
# combo: rotation_type=RY, entanglement=full, ent_gate=CZ
# Columns: dim, num_layers, best_it, val_acc, val_loss, val_prec, val_rec, val_f1, lowest train loss, final train loss
2, 1, 71, 0.883333, 0.643255, 0.870968, 0.900000, 0.885246, 0.628133, 0.646046
2, 2, 61, 0.833333, 0.607951, 0.884615, 0.766667, 0.821429, 0.570201, 0.573661
2, 3, 61, 0.850000, 0.606709, 0.862069, 0.833333, 0.847458, 0.570406, 0.571492
2, 4, 62, 0.850000, 0.599165, 0.769231, 1.000000, 0.869565, 0.570215, 0.577148
2, 5, 174, 0.833333, 0.594738, 0.777778, 0.933333, 0.848485, 0.569853, 0.577263
3, 1, 179, 0.633333, 0.683730, 0.692308, 0.562500, 0.620690, 0.668325, 0.669843
3, 2, 103, 0.783333, 0.617592, 0.806452, 0.781250, 0.793651, 0.631316, 0.632625
3, 3, 146, 0.766667, 0.624256, 0.800000, 0.750000, 0.774194, 0.630512, 0.631762
3, 4, 193, 0.766667, 0.621361, 0.764706, 0.812500, 0.787879, 0.629755, 0.629755
3, 5, 84, 0.766667, 0.620579, 0.781250, 0.781250, 0.781250, 0.630584, 0.630584
4, 1, 183, 0.783333, 0.675793, 0.833333, 0.757576, 0.793651, 0.678666, 0.678666
4, 2, 92, 0.866667, 0.651310, 0.962963, 0.787879, 0.866667, 0.635116, 0.635116
4, 3, 125, 0.816667, 0.646997, 0.958333, 0.696970, 0.807018, 0.630792, 0.638064
4, 4, 76, 0.800000, 0.634192, 0.956522, 0.666667, 0.785714, 0.626711, 0.630191
4, 5, 35, 0.850000, 0.643413, 0.928571, 0.787879, 0.852459, 0.625005, 0.632215
5, 1, 167, 0.616667, 0.673682, 0.571429, 0.166667, 0.258065, 0.702801, 0.703796
5, 2, 165, 0.750000, 0.648502, 0.909091, 0.416667, 0.571429, 0.656681, 0.661144
5, 3, 75, 0.683333, 0.654231, 0.580645, 0.750000, 0.654545, 0.649229, 0.649229
5, 4, 189, 0.750000, 0.651455, 0.714286, 0.625000, 0.666667, 0.649265, 0.651120
5, 5, 95, 0.783333, 0.629521, 0.823529, 0.583333, 0.682927, 0.636788, 0.647695
6, 1, 117, 0.616667, 0.690747, 0.739130, 0.500000, 0.596491, 0.676125, 0.677059
6, 2, 64, 0.583333, 0.701494, 0.588235, 0.882353, 0.705882, 0.653735, 0.653992
6, 3, 29, 0.583333, 0.712084, 0.714286, 0.441176, 0.545455, 0.653337, 0.654055
6, 4, 62, 0.733333, 0.646241, 0.800000, 0.705882, 0.750000, 0.647779, 0.652805
6, 5, 144, 0.650000, 0.666598, 0.809524, 0.500000, 0.618182, 0.658602, 0.662628
7, 1, 103, 0.583333, 0.715064, 0.727273, 0.266667, 0.390244, 0.686058, 0.686058
7, 2, 198, 0.600000, 0.671507, 0.666667, 0.400000, 0.500000, 0.660817, 0.660817
7, 3, 174, 0.716667, 0.653413, 0.782609, 0.600000, 0.679245, 0.658550, 0.658550
7, 4, 175, 0.616667, 0.673103, 0.705882, 0.400000, 0.510638, 0.656641, 0.664840
7, 5, 146, 0.633333, 0.672511, 0.722222, 0.433333, 0.541667, 0.662542, 0.663790
8, 1, 1, 0.616667, 0.704009, 0.616667, 1.000000, 0.762887, 0.701361, 0.701928
8, 2, 179, 0.700000, 0.690237, 0.952381, 0.540541, 0.689655, 0.687615, 0.693274
8, 3, 105, 0.683333, 0.675657, 0.781250, 0.675676, 0.724638, 0.670079, 0.671695
8, 4, 195, 0.783333, 0.650733, 0.900000, 0.729730, 0.805970, 0.651811, 0.651914
8, 5, 195, 0.816667, 0.622425, 0.882353, 0.810811, 0.845070, 0.659274, 0.662725
9, 1, 167, 0.616667, 0.690241, 0.562500, 0.360000, 0.439024, 0.704572, 0.704572
9, 2, 23, 0.600000, 0.684550, 0.523810, 0.440000, 0.478261, 0.705378, 0.718407
9, 3, 171, 0.616667, 0.674987, 1.000000, 0.080000, 0.148148, 0.655023, 0.673930
9, 4, 75, 0.666667, 0.672403, 0.857143, 0.240000, 0.375000, 0.645961, 0.646329
9, 5, 181, 0.650000, 0.678586, 0.625000, 0.400000, 0.487805, 0.659844, 0.669325
10, 1, 107, 0.583333, 0.698992, 0.593750, 0.612903, 0.603175, 0.708927, 0.710402
10, 2, 168, 0.566667, 0.706381, 0.564103, 0.709677, 0.628571, 0.680383, 0.680383
10, 3, 199, 0.716667, 0.652165, 0.733333, 0.709677, 0.721311, 0.651944, 0.655684
10, 4, 58, 0.600000, 0.692682, 0.581395, 0.806452, 0.675676, 0.673637, 0.708090
10, 5, 167, 0.683333, 0.669858, 0.687500, 0.709677, 0.698413, 0.663978, 0.667885
11, 1, 112, 0.600000, 0.697103, 0.777778, 0.411765, 0.538462, 0.700579, 0.700579
11, 2, 173, 0.666667, 0.667416, 0.645833, 0.911765, 0.756098, 0.683840, 0.685800
11, 3, 84, 0.650000, 0.672054, 0.622642, 0.970588, 0.758621, 0.681185, 0.682194
11, 4, 73, 0.616667, 0.702743, 0.703704, 0.558824, 0.622951, 0.662507, 0.677545
11, 5, 166, 0.633333, 0.692860, 0.676471, 0.676471, 0.676471, 0.666122, 0.671574
12, 1, 156, 0.650000, 0.682905, 0.692308, 0.346154, 0.461538, 0.698239, 0.711263
12, 2, 154, 0.666667, 0.671199, 0.607143, 0.653846, 0.629630, 0.675925, 0.675925
12, 3, 146, 0.666667, 0.675126, 0.800000, 0.307692, 0.444444, 0.668964, 0.668964
12, 4, 80, 0.700000, 0.668963, 0.722222, 0.500000, 0.590909, 0.672852, 0.672852
12, 5, 134, 0.616667, 0.681987, 0.555556, 0.576923, 0.566038, 0.664584, 0.690059
13, 1, 124, 0.683333, 0.667987, 0.741935, 0.676471, 0.707692, 0.672738, 0.675737
13, 2, 187, 0.683333, 0.663143, 0.758621, 0.647059, 0.698413, 0.668030, 0.668030
13, 3, 136, 0.700000, 0.655358, 0.750000, 0.705882, 0.727273, 0.657330, 0.659463
13, 4, 101, 0.666667, 0.665523, 0.705882, 0.705882, 0.705882, 0.666699, 0.670885
13, 5, 5, 0.650000, 0.687906, 0.809524, 0.500000, 0.618182, 0.670686, 0.671643
14, 1, 183, 0.700000, 0.667031, 0.777778, 0.636364, 0.700000, 0.678308, 0.678308
14, 2, 172, 0.633333, 0.671624, 0.720000, 0.545455, 0.620690, 0.670042, 0.670112
14, 3, 172, 0.700000, 0.669864, 0.758621, 0.666667, 0.709677, 0.666922, 0.673359
14, 4, 128, 0.650000, 0.676662, 0.676471, 0.696970, 0.686567, 0.668933, 0.668933
14, 5, 120, 0.583333, 0.699223, 0.722222, 0.393939, 0.509804, 0.672968, 0.681832
15, 1, 162, 0.616667, 0.692964, 0.575758, 0.678571, 0.622951, 0.668708, 0.668708
15, 2, 30, 0.616667, 0.706298, 0.560976, 0.821429, 0.666667, 0.667114, 0.668721
15, 3, 152, 0.600000, 0.690795, 0.562500, 0.642857, 0.600000, 0.665835, 0.704017
15, 4, 116, 0.566667, 0.711536, 0.523810, 0.785714, 0.628571, 0.667352, 0.667416
15, 5, 153, 0.700000, 0.659171, 0.708333, 0.607143, 0.653846, 0.659308, 0.661000
16, 1, 1, 0.450000, 0.836374, 0.450000, 1.000000, 0.620690, 0.685233, 0.685395
16, 2, 197, 0.516667, 0.693903, 0.461538, 0.444444, 0.452830, 0.686371, 0.696574
16, 3, 125, 0.700000, 0.685010, 0.736842, 0.518519, 0.608696, 0.673701, 0.673701
16, 4, 94, 0.483333, 0.694141, 0.428571, 0.444444, 0.436364, 0.687689, 0.687689
16, 5, 134, 0.616667, 0.685177, 0.583333, 0.518519, 0.549020, 0.674578, 0.674578
17, 1, 66, 0.683333, 0.687223, 0.764706, 0.702703, 0.732394, 0.699962, 0.700616
17, 2, 102, 0.716667, 0.666138, 0.794118, 0.729730, 0.760563, 0.687596, 0.693932
17, 3, 108, 0.733333, 0.660682, 0.769231, 0.810811, 0.789474, 0.677139, 0.697047
17, 4, 54, 0.733333, 0.666172, 0.769231, 0.810811, 0.789474, 0.672440, 0.675009
17, 5, 46, 0.633333, 0.676762, 0.627119, 1.000000, 0.770833, 0.676022, 0.677132
18, 1, 1, 0.516667, 0.767782, 0.516667, 1.000000, 0.681319, 0.696547, 0.696876
18, 2, 71, 0.550000, 0.708099, 0.535714, 0.967742, 0.689655, 0.682908, 0.709263
18, 3, 172, 0.583333, 0.700835, 0.666667, 0.387097, 0.489796, 0.681135, 0.682785
18, 4, 188, 0.533333, 0.707098, 0.529412, 0.870968, 0.658537, 0.677080, 0.677080
18, 5, 52, 0.550000, 0.717708, 0.833333, 0.161290, 0.270270, 0.667050, 0.674236
19, 1, 75, 0.600000, 0.693473, 0.628571, 0.666667, 0.647059, 0.696952, 0.697008
19, 2, 92, 0.683333, 0.685430, 0.694444, 0.757576, 0.724638, 0.685765, 0.685765
19, 3, 149, 0.616667, 0.682745, 0.727273, 0.484848, 0.581818, 0.674811, 0.674854
19, 4, 38, 0.633333, 0.695451, 0.761905, 0.484848, 0.592593, 0.669567, 0.687905
19, 5, 76, 0.650000, 0.683090, 0.650000, 0.787879, 0.712329, 0.671706, 0.674263
20, 1, 48, 0.550000, 0.704256, 0.543860, 0.968750, 0.696629, 0.689391, 0.695588
20, 2, 18, 0.550000, 0.718188, 1.000000, 0.156250, 0.270270, 0.688673, 0.688951
20, 3, 163, 0.566667, 0.683852, 0.588235, 0.625000, 0.606061, 0.677143, 0.686982
20, 4, 110, 0.566667, 0.713095, 1.000000, 0.187500, 0.315789, 0.682907, 0.695196
20, 5, 199, 0.650000, 0.678354, 0.866667, 0.406250, 0.553191, 0.669248, 0.670088
