# qvc TwoLocal incremental log
# combo: rotation_type=RY, entanglement=pairwise, ent_gate=CZ
# Columns: dim, num_layers, best_it, val_acc, val_loss, val_prec, val_rec, val_f1, lowest train loss, final train loss
2, 1, 190, 0.900000, 0.630929, 0.875000, 0.933333, 0.903226, 0.628415, 0.636917
2, 2, 131, 0.833333, 0.613532, 0.833333, 0.833333, 0.833333, 0.571815, 0.572555
2, 3, 109, 0.800000, 0.620340, 0.736842, 0.933333, 0.823529, 0.570565, 0.589458
2, 4, 32, 0.833333, 0.619798, 0.857143, 0.800000, 0.827586, 0.570457, 0.574507
2, 5, 84, 0.816667, 0.599078, 0.880000, 0.733333, 0.800000, 0.570131, 0.596251
3, 1, 171, 0.550000, 0.714298, 0.666667, 0.312500, 0.425532, 0.673701, 0.675266
3, 2, 90, 0.733333, 0.630706, 0.766667, 0.718750, 0.741935, 0.633646, 0.647432
3, 3, 107, 0.783333, 0.623856, 0.787879, 0.812500, 0.800000, 0.629259, 0.647395
3, 4, 60, 0.766667, 0.618621, 0.764706, 0.812500, 0.787879, 0.629735, 0.638130
3, 5, 130, 0.783333, 0.623440, 0.787879, 0.812500, 0.800000, 0.629930, 0.645291
4, 1, 177, 0.800000, 0.672088, 0.783784, 0.878788, 0.828571, 0.675031, 0.676199
4, 2, 131, 0.850000, 0.654902, 0.961538, 0.757576, 0.847458, 0.625113, 0.631889
4, 3, 96, 0.783333, 0.672838, 0.763158, 0.878788, 0.816901, 0.624427, 0.625355
4, 4, 58, 0.833333, 0.630454, 0.960000, 0.727273, 0.827586, 0.616450, 0.616450
4, 5, 64, 0.816667, 0.632647, 0.958333, 0.696970, 0.807018, 0.616386, 0.636395
5, 1, 24, 0.550000, 0.706073, 0.440000, 0.458333, 0.448980, 0.726474, 0.730587
5, 2, 152, 0.800000, 0.643779, 0.800000, 0.666667, 0.727273, 0.648377, 0.648377
5, 3, 200, 0.750000, 0.634718, 0.846154, 0.458333, 0.594595, 0.644917, 0.664551
5, 4, 174, 0.766667, 0.629890, 0.857143, 0.500000, 0.631579, 0.646069, 0.656877
5, 5, 100, 0.766667, 0.631093, 0.916667, 0.458333, 0.611111, 0.646530, 0.647831
6, 1, 26, 0.600000, 0.688812, 0.647059, 0.647059, 0.647059, 0.675375, 0.675375
6, 2, 194, 0.616667, 0.678125, 0.689655, 0.588235, 0.634921, 0.648912, 0.649785
6, 3, 122, 0.616667, 0.680172, 0.666667, 0.647059, 0.656716, 0.647759, 0.653768
6, 4, 186, 0.683333, 0.667812, 0.826087, 0.558824, 0.666667, 0.647046, 0.647965
6, 5, 2, 0.583333, 0.686976, 0.621622, 0.676471, 0.647887, 0.653449, 0.654206
7, 1, 184, 0.550000, 0.698163, 0.600000, 0.300000, 0.400000, 0.697270, 0.697270
7, 2, 152, 0.650000, 0.661749, 0.595745, 0.933333, 0.727273, 0.653012, 0.653012
7, 3, 165, 0.633333, 0.672256, 0.653846, 0.566667, 0.607143, 0.662566, 0.680890
7, 4, 189, 0.633333, 0.663284, 0.605263, 0.766667, 0.676471, 0.650247, 0.666488
7, 5, 183, 0.766667, 0.656473, 0.807692, 0.700000, 0.750000, 0.649776, 0.668947
8, 1, 1, 0.616667, 0.692057, 0.616667, 1.000000, 0.762887, 0.702663, 0.702677
8, 2, 1, 0.616667, 0.692156, 0.616667, 1.000000, 0.762887, 0.706476, 0.707658
8, 3, 191, 0.700000, 0.678039, 0.771429, 0.729730, 0.750000, 0.681118, 0.681118
8, 4, 87, 0.850000, 0.650335, 0.850000, 0.918919, 0.883117, 0.661374, 0.680190
8, 5, 163, 0.733333, 0.671175, 0.733333, 0.891892, 0.804878, 0.676547, 0.701423
9, 1, 184, 0.616667, 0.689933, 0.562500, 0.360000, 0.439024, 0.705185, 0.706244
9, 2, 65, 0.616667, 0.685478, 0.571429, 0.320000, 0.410256, 0.702302, 0.702931
9, 3, 14, 0.583333, 0.682279, 0.000000, 0.000000, 0.000000, 0.668109, 0.668603
9, 4, 93, 0.616667, 0.707539, 0.533333, 0.640000, 0.581818, 0.657286, 0.661508
9, 5, 128, 0.666667, 0.672616, 0.727273, 0.320000, 0.444444, 0.657214, 0.657214
10, 1, 113, 0.600000, 0.701459, 0.640000, 0.516129, 0.571429, 0.709626, 0.755048
10, 2, 15, 0.616667, 0.700161, 0.653846, 0.548387, 0.596491, 0.709072, 0.715106
10, 3, 185, 0.800000, 0.666171, 0.952381, 0.645161, 0.769231, 0.678548, 0.680821
10, 4, 178, 0.750000, 0.672215, 0.863636, 0.612903, 0.716981, 0.684539, 0.684539
10, 5, 178, 0.700000, 0.678913, 0.933333, 0.451613, 0.608696, 0.689622, 0.698913
11, 1, 35, 0.600000, 0.704521, 0.812500, 0.382353, 0.520000, 0.702446, 0.703471
11, 2, 177, 0.666667, 0.662836, 0.750000, 0.617647, 0.677419, 0.685699, 0.685699
11, 3, 150, 0.666667, 0.678256, 0.791667, 0.558824, 0.655172, 0.675868, 0.684437
11, 4, 146, 0.716667, 0.672625, 0.814815, 0.647059, 0.721311, 0.681409, 0.688731
11, 5, 4, 0.616667, 0.682159, 0.720000, 0.529412, 0.610169, 0.678889, 0.723171
12, 1, 192, 0.683333, 0.679939, 0.888889, 0.307692, 0.457143, 0.697546, 0.706711
12, 2, 184, 0.700000, 0.669338, 0.900000, 0.346154, 0.500000, 0.696551, 0.705571
12, 3, 200, 0.733333, 0.646046, 1.000000, 0.384615, 0.555556, 0.673702, 0.676100
12, 4, 156, 0.716667, 0.664899, 0.909091, 0.384615, 0.540541, 0.681580, 0.689607
12, 5, 42, 0.700000, 0.672793, 0.833333, 0.384615, 0.526316, 0.672999, 0.673028
13, 1, 91, 0.666667, 0.674739, 0.733333, 0.647059, 0.687500, 0.673060, 0.674714
13, 2, 134, 0.700000, 0.661691, 0.807692, 0.617647, 0.700000, 0.665648, 0.666443
13, 3, 194, 0.750000, 0.657311, 0.851852, 0.676471, 0.754098, 0.669879, 0.670677
13, 4, 195, 0.800000, 0.650456, 0.958333, 0.676471, 0.793103, 0.661394, 0.663001
13, 5, 61, 0.683333, 0.674103, 0.894737, 0.500000, 0.641509, 0.667062, 0.671354
14, 1, 200, 0.683333, 0.666862, 0.750000, 0.636364, 0.688525, 0.681100, 0.681143
14, 2, 71, 0.700000, 0.665502, 0.777778, 0.636364, 0.700000, 0.668579, 0.690534
14, 3, 148, 0.750000, 0.661722, 0.846154, 0.666667, 0.745763, 0.663029, 0.664610
14, 4, 42, 0.683333, 0.661082, 0.684211, 0.787879, 0.732394, 0.663066, 0.663200
14, 5, 92, 0.683333, 0.672546, 0.888889, 0.484848, 0.627451, 0.666156, 0.681388
15, 1, 82, 0.616667, 0.709827, 0.560976, 0.821429, 0.666667, 0.670320, 0.673847
15, 2, 186, 0.583333, 0.688862, 0.588235, 0.357143, 0.444444, 0.669793, 0.669822
15, 3, 77, 0.633333, 0.705728, 0.575000, 0.821429, 0.676471, 0.667641, 0.668093
15, 4, 198, 0.733333, 0.667367, 0.750000, 0.642857, 0.692308, 0.662480, 0.665124
15, 5, 182, 0.683333, 0.681504, 0.666667, 0.642857, 0.654545, 0.666341, 0.671047
16, 1, 1, 0.450000, 0.870560, 0.450000, 1.000000, 0.620690, 0.689868, 0.690017
16, 2, 1, 0.450000, 0.835181, 0.450000, 1.000000, 0.620690, 0.681604, 0.681604
16, 3, 122, 0.650000, 0.682211, 0.875000, 0.259259, 0.400000, 0.671538, 0.692337
16, 4, 199, 0.766667, 0.683925, 0.740741, 0.740741, 0.740741, 0.677041, 0.677569
16, 5, 49, 0.566667, 0.694038, 0.666667, 0.074074, 0.133333, 0.686714, 0.686714
17, 1, 133, 0.683333, 0.686344, 0.750000, 0.729730, 0.739726, 0.699925, 0.701224
17, 2, 15, 0.633333, 0.681929, 0.727273, 0.648649, 0.685714, 0.679490, 0.697185
17, 3, 93, 0.700000, 0.682742, 0.756757, 0.756757, 0.756757, 0.685429, 0.689195
17, 4, 63, 0.650000, 0.675316, 0.673913, 0.837838, 0.746988, 0.678525, 0.678525
17, 5, 1, 0.616667, 0.666052, 0.616667, 1.000000, 0.762887, 0.673757, 0.709669
18, 1, 1, 0.516667, 0.745611, 0.516667, 1.000000, 0.681319, 0.696574, 0.715219
18, 2, 126, 0.650000, 0.686933, 0.638889, 0.741935, 0.686567, 0.684596, 0.689270
18, 3, 137, 0.633333, 0.685012, 0.628571, 0.709677, 0.666667, 0.682998, 0.683133
18, 4, 165, 0.616667, 0.680419, 0.595238, 0.806452, 0.684932, 0.683673, 0.703766
18, 5, 64, 0.633333, 0.685648, 0.615385, 0.774194, 0.685714, 0.678162, 0.693695
19, 1, 96, 0.600000, 0.692924, 0.628571, 0.666667, 0.647059, 0.696061, 0.696061
19, 2, 43, 0.600000, 0.690098, 0.609756, 0.757576, 0.675676, 0.678730, 0.689651
19, 3, 122, 0.600000, 0.689544, 0.655172, 0.575758, 0.612903, 0.677384, 0.678567
19, 4, 68, 0.600000, 0.693421, 0.680000, 0.515152, 0.586207, 0.674433, 0.674703
19, 5, 145, 0.583333, 0.687221, 0.625000, 0.606061, 0.615385, 0.675380, 0.675380
20, 1, 183, 0.550000, 0.704340, 0.543860, 0.968750, 0.696629, 0.689568, 0.693158
20, 2, 108, 0.566667, 0.708450, 0.875000, 0.218750, 0.350000, 0.683201, 0.683201
20, 3, 118, 0.566667, 0.702231, 0.687500, 0.343750, 0.458333, 0.682685, 0.692582
20, 4, 177, 0.583333, 0.701988, 1.000000, 0.218750, 0.358974, 0.679603, 0.681575
20, 5, 146, 0.600000, 0.683617, 0.617647, 0.656250, 0.636364, 0.673329, 0.689051
