# qvc TwoLocal incremental log
# combo: rotation_type=RX, entanglement=chain, ent_gate=CZ
# Columns: dim, num_layers, best_it, val_acc, val_loss, val_prec, val_rec, val_f1, lowest train loss, final train loss
2, 1, 176, 0.900000, 0.672750, 1.000000, 0.800000, 0.888889, 0.667672, 0.667672
2, 2, 175, 0.633333, 0.681098, 0.590909, 0.866667, 0.702703, 0.666962, 0.666962
2, 3, 166, 0.900000, 0.630455, 0.900000, 0.900000, 0.900000, 0.627356, 0.632339
2, 4, 147, 0.833333, 0.627067, 1.000000, 0.666667, 0.800000, 0.631016, 0.631016
2, 5, 77, 0.850000, 0.634237, 0.920000, 0.766667, 0.836364, 0.624250, 0.626581
3, 1, 186, 0.600000, 0.690973, 0.833333, 0.312500, 0.454545, 0.693007, 0.702035
3, 2, 178, 0.716667, 0.659881, 0.800000, 0.625000, 0.701754, 0.668314, 0.675267
3, 3, 51, 0.666667, 0.672825, 0.676471, 0.718750, 0.696970, 0.675527, 0.695305
3, 4, 90, 0.650000, 0.666741, 0.703704, 0.593750, 0.644068, 0.659191, 0.666580
3, 5, 176, 0.750000, 0.648042, 0.947368, 0.562500, 0.705882, 0.658227, 0.677091
4, 1, 1, 0.550000, 0.763350, 0.550000, 1.000000, 0.709677, 0.703024, 0.722789
4, 2, 1, 0.550000, 0.763101, 0.550000, 1.000000, 0.709677, 0.707279, 0.707293
4, 3, 189, 0.616667, 0.692751, 0.750000, 0.454545, 0.566038, 0.693128, 0.693255
4, 4, 157, 0.700000, 0.665357, 1.000000, 0.454545, 0.625000, 0.649580, 0.658165
4, 5, 174, 0.733333, 0.650360, 1.000000, 0.515152, 0.680000, 0.640542, 0.640542
5, 1, 190, 0.616667, 0.675494, 0.533333, 0.333333, 0.410256, 0.678537, 0.681901
5, 2, 34, 0.683333, 0.681570, 1.000000, 0.208333, 0.344828, 0.687971, 0.692998
5, 3, 174, 0.666667, 0.663199, 0.700000, 0.291667, 0.411765, 0.665522, 0.665665
5, 4, 172, 0.766667, 0.641843, 0.692308, 0.750000, 0.720000, 0.642171, 0.643954
5, 5, 104, 0.783333, 0.654555, 0.739130, 0.708333, 0.723404, 0.642369, 0.647988
6, 1, 95, 0.616667, 0.695360, 0.866667, 0.382353, 0.530612, 0.691919, 0.692808
6, 2, 1, 0.583333, 0.685901, 0.600000, 0.794118, 0.683544, 0.676561, 0.684286
6, 3, 1, 0.583333, 0.686230, 0.600000, 0.794118, 0.683544, 0.680411, 0.687066
6, 4, 96, 0.666667, 0.680157, 0.791667, 0.558824, 0.655172, 0.662130, 0.662161
6, 5, 36, 0.700000, 0.672140, 0.833333, 0.588235, 0.689655, 0.662653, 0.674322
7, 1, 79, 0.616667, 0.688982, 0.705882, 0.400000, 0.510638, 0.682790, 0.685107
7, 2, 57, 0.516667, 0.710657, 0.513514, 0.633333, 0.567164, 0.683715, 0.683715
7, 3, 171, 0.616667, 0.687664, 0.577778, 0.866667, 0.693333, 0.675302, 0.679560
7, 4, 160, 0.633333, 0.674315, 0.642857, 0.600000, 0.620690, 0.666788, 0.671092
7, 5, 105, 0.616667, 0.677417, 0.629630, 0.566667, 0.596491, 0.664966, 0.665127
8, 1, 1, 0.616667, 0.692942, 0.616667, 1.000000, 0.762887, 0.699322, 0.705022
8, 2, 1, 0.616667, 0.692909, 0.616667, 1.000000, 0.762887, 0.696763, 0.696763
8, 3, 1, 0.616667, 0.692662, 0.616667, 1.000000, 0.762887, 0.693582, 0.693582
8, 4, 91, 0.666667, 0.678667, 0.717949, 0.756757, 0.736842, 0.685647, 0.685933
8, 5, 82, 0.633333, 0.660978, 0.636364, 0.945946, 0.760870, 0.684825, 0.686665
9, 1, 150, 0.616667, 0.690822, 0.562500, 0.360000, 0.439024, 0.695887, 0.697781
9, 2, 163, 0.633333, 0.685569, 0.636364, 0.280000, 0.388889, 0.685126, 0.691116
9, 3, 43, 0.650000, 0.686940, 0.583333, 0.560000, 0.571429, 0.680752, 0.682587
9, 4, 43, 0.633333, 0.688375, 0.588235, 0.400000, 0.476190, 0.672068, 0.673074
9, 5, 138, 0.633333, 0.689640, 0.571429, 0.480000, 0.521739, 0.675909, 0.675909
10, 1, 63, 0.616667, 0.699267, 0.750000, 0.387097, 0.510638, 0.694730, 0.696947
10, 2, 71, 0.600000, 0.697845, 0.666667, 0.451613, 0.538462, 0.692281, 0.697227
10, 3, 145, 0.583333, 0.696219, 0.615385, 0.516129, 0.561404, 0.686585, 0.692199
10, 4, 25, 0.616667, 0.691093, 0.642857, 0.580645, 0.610169, 0.683172, 0.699969
10, 5, 69, 0.633333, 0.683836, 0.714286, 0.483871, 0.576923, 0.681083, 0.683989
11, 1, 170, 0.616667, 0.694652, 0.866667, 0.382353, 0.530612, 0.692496, 0.692496
11, 2, 90, 0.616667, 0.684677, 0.677419, 0.617647, 0.646154, 0.673673, 0.677116
11, 3, 125, 0.583333, 0.696856, 0.695652, 0.470588, 0.561404, 0.687069, 0.687554
11, 4, 80, 0.616667, 0.676264, 0.612245, 0.882353, 0.722892, 0.672844, 0.673589
11, 5, 151, 0.633333, 0.676045, 0.625000, 0.882353, 0.731707, 0.683305, 0.685990
12, 1, 106, 0.616667, 0.690127, 1.000000, 0.115385, 0.206897, 0.691238, 0.693602
12, 2, 144, 0.700000, 0.673459, 0.700000, 0.538462, 0.608696, 0.677978, 0.677999
12, 3, 40, 0.683333, 0.687777, 0.888889, 0.307692, 0.457143, 0.689713, 0.692643
12, 4, 161, 0.616667, 0.683404, 1.000000, 0.115385, 0.206897, 0.690734, 0.693717
12, 5, 99, 0.750000, 0.676287, 0.923077, 0.461538, 0.615385, 0.682678, 0.687400
13, 1, 6, 0.616667, 0.689375, 0.703704, 0.558824, 0.622951, 0.687605, 0.687961
13, 2, 20, 0.633333, 0.687929, 0.730769, 0.558824, 0.633333, 0.685840, 0.686866
13, 3, 39, 0.650000, 0.683737, 0.882353, 0.441176, 0.588235, 0.677708, 0.683226
13, 4, 109, 0.633333, 0.689537, 0.875000, 0.411765, 0.560000, 0.680469, 0.686271
13, 5, 118, 0.666667, 0.680993, 0.888889, 0.470588, 0.615385, 0.679589, 0.685390
14, 1, 59, 0.600000, 0.679995, 0.628571, 0.666667, 0.647059, 0.692950, 0.692969
14, 2, 34, 0.600000, 0.682417, 0.666667, 0.545455, 0.600000, 0.692391, 0.694639
14, 3, 45, 0.650000, 0.685547, 0.750000, 0.545455, 0.631579, 0.679492, 0.683521
14, 4, 1, 0.566667, 0.677798, 0.563636, 0.939394, 0.704545, 0.683298, 0.686236
14, 5, 22, 0.650000, 0.681246, 0.666667, 0.727273, 0.695652, 0.678584, 0.679833
15, 1, 43, 0.566667, 0.714710, 0.526316, 0.714286, 0.606061, 0.684737, 0.687700
15, 2, 7, 0.566667, 0.714151, 0.526316, 0.714286, 0.606061, 0.680326, 0.683473
15, 3, 128, 0.616667, 0.688520, 0.666667, 0.357143, 0.465116, 0.676533, 0.676592
15, 4, 118, 0.566667, 0.710124, 0.521739, 0.857143, 0.648649, 0.677493, 0.678682
15, 5, 21, 0.616667, 0.689688, 0.857143, 0.214286, 0.342857, 0.676519, 0.683245
16, 1, 1, 0.450000, 0.865804, 0.450000, 1.000000, 0.620690, 0.689497, 0.691124
16, 2, 25, 0.466667, 0.697188, 0.439024, 0.666667, 0.529412, 0.689762, 0.690367
16, 3, 38, 0.566667, 0.693630, 0.666667, 0.074074, 0.133333, 0.689664, 0.694006
16, 4, 192, 0.583333, 0.690198, 1.000000, 0.074074, 0.137931, 0.689408, 0.690488
16, 5, 60, 0.616667, 0.689542, 0.700000, 0.259259, 0.378378, 0.685730, 0.688509
17, 1, 35, 0.666667, 0.687240, 0.717949, 0.756757, 0.736842, 0.697759, 0.698707
17, 2, 1, 0.616667, 0.671893, 0.616667, 1.000000, 0.762887, 0.681135, 0.682131
17, 3, 1, 0.616667, 0.671572, 0.616667, 1.000000, 0.762887, 0.682069, 0.682069
17, 4, 55, 0.666667, 0.686697, 0.707317, 0.783784, 0.743590, 0.686468, 0.700343
17, 5, 59, 0.666667, 0.686360, 0.774194, 0.648649, 0.705882, 0.689647, 0.694946
18, 1, 1, 0.516667, 0.749242, 0.516667, 1.000000, 0.681319, 0.696359, 0.707765
18, 2, 199, 0.550000, 0.698594, 0.700000, 0.225806, 0.341463, 0.696289, 0.698701
18, 3, 174, 0.566667, 0.699707, 1.000000, 0.161290, 0.277778, 0.692812, 0.692812
18, 4, 111, 0.566667, 0.705202, 1.000000, 0.161290, 0.277778, 0.691817, 0.692782
18, 5, 78, 0.633333, 0.686192, 0.621622, 0.741935, 0.676471, 0.689712, 0.690412
19, 1, 117, 0.583333, 0.693524, 0.600000, 0.727273, 0.657534, 0.696748, 0.714940
19, 2, 20, 0.583333, 0.690042, 0.611111, 0.666667, 0.637681, 0.687930, 0.687930
19, 3, 135, 0.616667, 0.690450, 0.656250, 0.636364, 0.646154, 0.686818, 0.700169
19, 4, 29, 0.600000, 0.693175, 0.680000, 0.515152, 0.586207, 0.687344, 0.687344
19, 5, 135, 0.600000, 0.687195, 0.615385, 0.727273, 0.666667, 0.685094, 0.693699
20, 1, 7, 0.550000, 0.702435, 0.543860, 0.968750, 0.696629, 0.690790, 0.693243
20, 2, 30, 0.550000, 0.702784, 0.545455, 0.937500, 0.689655, 0.684299, 0.685749
20, 3, 123, 0.600000, 0.703169, 0.750000, 0.375000, 0.500000, 0.682367, 0.688229
20, 4, 11, 0.566667, 0.702567, 0.553571, 0.968750, 0.704545, 0.683687, 0.692363
20, 5, 44, 0.583333, 0.703235, 0.733333, 0.343750, 0.468085, 0.681236, 0.681687
