# qvc TwoLocal incremental log
# combo: rotation_type=RZ, entanglement=chain, ent_gate=IsingXX
# Columns: dim, num_layers, best_it, val_acc, val_loss, val_prec, val_rec, val_f1, lowest train loss, final train loss
2, 1, 82, 0.883333, 0.642440, 0.870968, 0.900000, 0.885246, 0.641849, 0.642878
2, 2, 19, 0.800000, 0.634573, 0.909091, 0.666667, 0.769231, 0.623704, 0.627856
2, 3, 45, 0.850000, 0.634569, 1.000000, 0.700000, 0.823529, 0.624770, 0.627867
2, 4, 113, 0.916667, 0.631721, 1.000000, 0.833333, 0.909091, 0.626778, 0.635536
2, 5, 103, 0.900000, 0.629181, 0.900000, 0.900000, 0.900000, 0.623644, 0.629079
3, 1, 125, 0.650000, 0.667204, 0.677419, 0.656250, 0.666667, 0.672532, 0.677921
3, 2, 114, 0.716667, 0.654167, 0.894737, 0.531250, 0.666667, 0.652163, 0.657548
3, 3, 148, 0.700000, 0.648512, 0.718750, 0.718750, 0.718750, 0.653724, 0.654995
3, 4, 117, 0.683333, 0.670608, 0.809524, 0.531250, 0.641509, 0.660187, 0.665559
3, 5, 119, 0.766667, 0.638944, 0.846154, 0.687500, 0.758621, 0.653218, 0.670788
4, 1, 137, 0.850000, 0.662276, 0.852941, 0.878788, 0.865672, 0.668202, 0.669056
4, 2, 17, 0.850000, 0.660095, 0.961538, 0.757576, 0.847458, 0.652486, 0.652486
4, 3, 176, 0.833333, 0.652253, 0.848485, 0.848485, 0.848485, 0.661912, 0.666837
4, 4, 73, 0.783333, 0.665942, 0.884615, 0.696970, 0.779661, 0.654885, 0.656693
4, 5, 115, 0.800000, 0.653450, 0.888889, 0.727273, 0.800000, 0.660091, 0.679052
5, 1, 165, 0.700000, 0.687907, 0.615385, 0.666667, 0.640000, 0.683346, 0.683346
5, 2, 176, 0.666667, 0.674410, 0.571429, 0.666667, 0.615385, 0.664167, 0.664167
5, 3, 67, 0.633333, 0.680068, 0.538462, 0.583333, 0.560000, 0.671601, 0.687265
5, 4, 51, 0.750000, 0.667346, 0.800000, 0.500000, 0.615385, 0.654704, 0.661717
5, 5, 46, 0.683333, 0.640708, 0.857143, 0.250000, 0.387097, 0.662482, 0.662482
6, 1, 60, 0.783333, 0.675242, 0.862069, 0.735294, 0.793651, 0.680853, 0.680894
6, 2, 175, 0.633333, 0.673634, 0.700000, 0.617647, 0.656250, 0.649317, 0.659181
6, 3, 35, 0.783333, 0.663612, 0.862069, 0.735294, 0.793651, 0.654154, 0.654313
6, 4, 103, 0.600000, 0.694712, 0.750000, 0.441176, 0.555556, 0.651351, 0.656169
6, 5, 118, 0.750000, 0.656117, 0.806452, 0.735294, 0.769231, 0.659038, 0.662960
7, 1, 144, 0.650000, 0.678221, 0.680000, 0.566667, 0.618182, 0.663451, 0.663682
7, 2, 190, 0.666667, 0.669231, 0.812500, 0.433333, 0.565217, 0.662481, 0.666651
7, 3, 131, 0.683333, 0.677735, 0.703704, 0.633333, 0.666667, 0.658059, 0.661293
7, 4, 125, 0.616667, 0.686539, 0.612903, 0.633333, 0.622951, 0.667132, 0.667584
7, 5, 69, 0.683333, 0.674237, 0.761905, 0.533333, 0.627451, 0.657317, 0.660595
8, 1, 142, 0.816667, 0.679778, 0.795455, 0.945946, 0.864198, 0.682990, 0.685275
8, 2, 15, 0.783333, 0.678822, 0.900000, 0.729730, 0.805970, 0.668961, 0.687369
8, 3, 56, 0.850000, 0.679251, 0.833333, 0.945946, 0.886076, 0.669682, 0.670028
8, 4, 1, 0.616667, 0.690978, 0.616667, 1.000000, 0.762887, 0.686590, 0.695394
8, 5, 22, 0.816667, 0.684159, 0.782609, 0.972973, 0.867470, 0.667362, 0.701676
9, 1, 30, 0.683333, 0.691662, 0.615385, 0.640000, 0.627451, 0.681485, 0.684088
9, 2, 192, 0.650000, 0.678707, 0.611111, 0.440000, 0.511628, 0.669846, 0.671085
9, 3, 158, 0.616667, 0.675384, 0.666667, 0.160000, 0.258065, 0.671559, 0.671570
9, 4, 15, 0.616667, 0.684636, 0.600000, 0.240000, 0.342857, 0.652918, 0.653728
9, 5, 33, 0.633333, 0.682764, 0.578947, 0.440000, 0.500000, 0.652363, 0.652363
10, 1, 48, 0.633333, 0.687363, 0.621622, 0.741935, 0.676471, 0.684063, 0.684885
10, 2, 9, 0.583333, 0.711949, 0.800000, 0.258065, 0.390244, 0.675256, 0.676741
10, 3, 18, 0.616667, 0.691152, 0.642857, 0.580645, 0.610169, 0.679854, 0.686461
10, 4, 189, 0.650000, 0.668171, 0.666667, 0.645161, 0.655738, 0.665943, 0.666264
10, 5, 136, 0.750000, 0.668561, 0.807692, 0.677419, 0.736842, 0.664395, 0.695761
11, 1, 51, 0.616667, 0.682394, 0.627907, 0.794118, 0.701299, 0.673751, 0.673845
11, 2, 174, 0.583333, 0.673734, 0.584906, 0.911765, 0.712644, 0.680430, 0.681909
11, 3, 15, 0.650000, 0.684678, 0.651163, 0.823529, 0.727273, 0.672749, 0.673759
11, 4, 7, 0.616667, 0.701489, 0.866667, 0.382353, 0.530612, 0.673783, 0.675849
11, 5, 159, 0.600000, 0.675818, 0.604167, 0.852941, 0.707317, 0.671869, 0.681323
12, 1, 72, 0.716667, 0.680612, 0.714286, 0.576923, 0.638298, 0.675552, 0.675556
12, 2, 95, 0.750000, 0.660265, 1.000000, 0.423077, 0.594595, 0.678863, 0.678959
12, 3, 147, 0.733333, 0.665852, 0.812500, 0.500000, 0.619048, 0.673717, 0.680540
12, 4, 67, 0.700000, 0.658293, 1.000000, 0.307692, 0.470588, 0.665486, 0.679709
12, 5, 143, 0.700000, 0.666503, 0.833333, 0.384615, 0.526316, 0.672442, 0.673920
13, 1, 129, 0.666667, 0.676623, 0.652174, 0.882353, 0.750000, 0.682728, 0.694842
13, 2, 165, 0.633333, 0.666860, 0.687500, 0.647059, 0.666667, 0.670033, 0.670094
13, 3, 20, 0.683333, 0.690082, 0.727273, 0.705882, 0.716418, 0.670801, 0.675337
13, 4, 117, 0.666667, 0.682545, 1.000000, 0.411765, 0.583333, 0.670354, 0.676093
13, 5, 180, 0.700000, 0.662677, 0.722222, 0.764706, 0.742857, 0.668139, 0.673391
14, 1, 97, 0.666667, 0.689280, 0.709677, 0.666667, 0.687500, 0.681311, 0.692512
14, 2, 107, 0.516667, 0.699131, 0.566667, 0.515152, 0.539683, 0.676949, 0.678177
14, 3, 122, 0.700000, 0.670244, 0.800000, 0.606061, 0.689655, 0.682681, 0.683562
14, 4, 135, 0.700000, 0.663069, 0.800000, 0.606061, 0.689655, 0.680402, 0.680663
14, 5, 116, 0.683333, 0.679071, 0.888889, 0.484848, 0.627451, 0.679530, 0.679530
15, 1, 157, 0.650000, 0.681247, 0.818182, 0.321429, 0.461538, 0.676964, 0.676964
15, 2, 103, 0.650000, 0.673456, 0.620690, 0.642857, 0.631579, 0.679598, 0.690644
15, 3, 198, 0.650000, 0.669822, 0.640000, 0.571429, 0.603774, 0.668620, 0.669016
15, 4, 97, 0.583333, 0.706820, 0.540541, 0.714286, 0.615385, 0.673952, 0.673952
15, 5, 95, 0.716667, 0.657454, 0.689655, 0.714286, 0.701754, 0.667521, 0.685700
16, 1, 1, 0.450000, 0.696461, 0.450000, 1.000000, 0.620690, 0.678323, 0.678334
16, 2, 168, 0.833333, 0.682991, 0.793103, 0.851852, 0.821429, 0.672524, 0.673907
16, 3, 65, 0.700000, 0.682666, 0.800000, 0.444444, 0.571429, 0.669951, 0.670077
16, 4, 62, 0.600000, 0.688314, 1.000000, 0.111111, 0.200000, 0.684614, 0.688986
16, 5, 196, 0.683333, 0.677405, 0.833333, 0.370370, 0.512821, 0.669420, 0.692593
17, 1, 1, 0.616667, 0.686271, 0.616667, 1.000000, 0.762887, 0.690398, 0.691291
17, 2, 145, 0.650000, 0.679985, 0.681818, 0.810811, 0.740741, 0.680943, 0.696265
17, 3, 168, 0.666667, 0.670609, 0.654545, 0.972973, 0.782609, 0.680853, 0.697151
17, 4, 131, 0.700000, 0.680597, 0.743590, 0.783784, 0.763158, 0.692198, 0.693051
17, 5, 132, 0.650000, 0.696322, 0.722222, 0.702703, 0.712329, 0.681672, 0.684646
18, 1, 160, 0.650000, 0.689992, 0.708333, 0.548387, 0.618182, 0.690416, 0.693832
18, 2, 87, 0.683333, 0.680220, 0.750000, 0.580645, 0.654545, 0.680697, 0.681213
18, 3, 93, 0.616667, 0.690687, 0.785714, 0.354839, 0.488889, 0.683424, 0.684249
18, 4, 92, 0.566667, 0.705941, 0.727273, 0.258065, 0.380952, 0.684508, 0.717448
18, 5, 84, 0.566667, 0.687928, 0.558140, 0.774194, 0.648649, 0.676423, 0.712236
19, 1, 7, 0.616667, 0.691279, 0.727273, 0.484848, 0.581818, 0.684984, 0.686841
19, 2, 198, 0.633333, 0.686889, 0.677419, 0.636364, 0.656250, 0.677109, 0.677178
19, 3, 37, 0.600000, 0.692689, 0.800000, 0.363636, 0.500000, 0.680743, 0.681665
19, 4, 140, 0.666667, 0.678165, 0.724138, 0.636364, 0.677419, 0.675101, 0.678998
19, 5, 54, 0.583333, 0.693928, 0.633333, 0.575758, 0.603175, 0.680210, 0.681965
20, 1, 62, 0.616667, 0.692860, 0.666667, 0.562500, 0.610169, 0.679832, 0.679930
20, 2, 138, 0.666667, 0.678929, 0.700000, 0.656250, 0.677419, 0.676054, 0.676448
20, 3, 53, 0.616667, 0.689711, 0.736842, 0.437500, 0.549020, 0.674002, 0.726236
20, 4, 159, 0.633333, 0.687283, 0.857143, 0.375000, 0.521739, 0.675296, 0.678491
20, 5, 115, 0.583333, 0.693242, 0.733333, 0.343750, 0.468085, 0.677668, 0.678413
