# qvc TwoLocal incremental log
# combo: rotation_type=Rot, entanglement=chain, ent_gate=IsingXX
# Columns: dim, num_layers, best_it, val_acc, val_loss, val_prec, val_rec, val_f1, lowest train loss, final train loss
2, 1, 25, 0.866667, 0.608196, 0.823529, 0.933333, 0.875000, 0.574172, 0.576324
2, 2, 151, 0.833333, 0.614661, 0.916667, 0.733333, 0.814815, 0.575211, 0.575211
2, 3, 21, 0.950000, 0.618034, 0.965517, 0.933333, 0.949153, 0.572063, 0.589227
2, 4, 25, 0.850000, 0.609031, 0.862069, 0.833333, 0.847458, 0.571815, 0.578707
2, 5, 7, 0.933333, 0.616920, 0.933333, 0.933333, 0.933333, 0.571287, 0.580212
3, 1, 114, 0.783333, 0.653595, 0.756757, 0.875000, 0.811594, 0.654861, 0.661769
3, 2, 46, 0.783333, 0.633889, 0.806452, 0.781250, 0.793651, 0.640616, 0.651225
3, 3, 176, 0.783333, 0.626154, 0.743590, 0.906250, 0.816901, 0.632966, 0.645153
3, 4, 169, 0.783333, 0.625991, 0.787879, 0.812500, 0.800000, 0.630065, 0.635422
3, 5, 40, 0.850000, 0.646988, 0.810811, 0.937500, 0.869565, 0.634507, 0.643801
4, 1, 33, 0.866667, 0.655964, 0.903226, 0.848485, 0.875000, 0.618322, 0.622306
4, 2, 82, 0.800000, 0.640071, 0.800000, 0.848485, 0.823529, 0.627407, 0.627859
4, 3, 77, 0.850000, 0.622287, 0.800000, 0.969697, 0.876712, 0.617646, 0.623965
4, 4, 196, 0.800000, 0.626447, 0.920000, 0.696970, 0.793103, 0.615712, 0.628544
4, 5, 82, 0.850000, 0.618472, 0.815789, 0.939394, 0.873239, 0.614079, 0.616530
5, 1, 43, 0.833333, 0.675754, 0.818182, 0.750000, 0.782609, 0.643348, 0.643501
5, 2, 173, 0.750000, 0.674434, 0.645161, 0.833333, 0.727273, 0.656168, 0.659893
5, 3, 83, 0.800000, 0.643073, 0.833333, 0.625000, 0.714286, 0.640422, 0.649292
5, 4, 132, 0.766667, 0.636365, 0.727273, 0.666667, 0.695652, 0.639355, 0.656558
5, 5, 126, 0.800000, 0.619944, 0.833333, 0.625000, 0.714286, 0.630651, 0.636728
6, 1, 59, 0.816667, 0.664716, 0.925926, 0.735294, 0.819672, 0.654730, 0.663253
6, 2, 170, 0.683333, 0.668394, 0.857143, 0.529412, 0.654545, 0.649370, 0.655508
6, 3, 37, 0.800000, 0.649905, 0.958333, 0.676471, 0.793103, 0.649660, 0.652583
6, 4, 96, 0.683333, 0.657921, 0.941176, 0.470588, 0.627451, 0.645454, 0.645454
6, 5, 134, 0.750000, 0.651524, 1.000000, 0.558824, 0.716981, 0.647748, 0.659996
7, 1, 141, 0.766667, 0.660041, 0.785714, 0.733333, 0.758621, 0.652543, 0.653916
7, 2, 116, 0.633333, 0.676903, 0.700000, 0.466667, 0.560000, 0.670320, 0.678523
7, 3, 140, 0.700000, 0.656411, 0.730769, 0.633333, 0.678571, 0.654528, 0.708378
7, 4, 158, 0.733333, 0.660528, 0.733333, 0.733333, 0.733333, 0.650949, 0.652720
7, 5, 113, 0.716667, 0.659338, 0.782609, 0.600000, 0.679245, 0.652043, 0.654070
8, 1, 68, 0.916667, 0.668027, 0.970588, 0.891892, 0.929577, 0.663326, 0.669480
8, 2, 72, 0.683333, 0.662939, 0.821429, 0.621622, 0.707692, 0.655390, 0.655390
8, 3, 7, 0.900000, 0.667711, 0.860465, 1.000000, 0.925000, 0.650908, 0.663811
8, 4, 84, 0.766667, 0.622171, 0.755556, 0.918919, 0.829268, 0.664093, 0.668693
8, 5, 72, 0.733333, 0.659717, 0.818182, 0.729730, 0.771429, 0.658208, 0.665272
9, 1, 1, 0.583333, 0.688433, 0.000000, 0.000000, 0.000000, 0.655321, 0.655886
9, 2, 70, 0.616667, 0.680997, 0.562500, 0.360000, 0.439024, 0.658487, 0.660933
9, 3, 27, 0.683333, 0.661889, 0.750000, 0.360000, 0.486486, 0.645412, 0.648126
9, 4, 168, 0.666667, 0.677515, 0.586207, 0.680000, 0.629630, 0.650580, 0.664018
9, 5, 45, 0.650000, 0.681155, 0.700000, 0.280000, 0.400000, 0.645369, 0.656534
10, 1, 196, 0.733333, 0.668265, 0.741935, 0.741935, 0.741935, 0.674396, 0.674396
10, 2, 122, 0.683333, 0.674766, 0.687500, 0.709677, 0.698413, 0.667110, 0.667601
10, 3, 104, 0.750000, 0.659075, 0.807692, 0.677419, 0.736842, 0.660930, 0.667444
10, 4, 62, 0.683333, 0.672750, 0.642857, 0.870968, 0.739726, 0.663972, 0.663972
10, 5, 95, 0.683333, 0.672832, 0.750000, 0.580645, 0.654545, 0.669026, 0.679774
11, 1, 70, 0.683333, 0.677007, 0.714286, 0.735294, 0.724638, 0.668612, 0.675664
11, 2, 100, 0.666667, 0.670993, 0.733333, 0.647059, 0.687500, 0.665024, 0.665024
11, 3, 192, 0.650000, 0.680904, 0.760000, 0.558824, 0.644068, 0.669701, 0.673706
11, 4, 185, 0.683333, 0.674236, 0.702703, 0.764706, 0.732394, 0.659450, 0.661492
11, 5, 143, 0.716667, 0.653696, 0.869565, 0.588235, 0.701754, 0.663342, 0.676280
12, 1, 125, 0.733333, 0.670184, 0.750000, 0.576923, 0.652174, 0.674996, 0.695814
12, 2, 175, 0.683333, 0.676451, 0.589744, 0.884615, 0.707692, 0.658986, 0.666274
12, 3, 155, 0.750000, 0.659031, 1.000000, 0.423077, 0.594595, 0.665836, 0.668020
12, 4, 87, 0.683333, 0.655687, 1.000000, 0.269231, 0.424242, 0.666349, 0.675507
12, 5, 100, 0.700000, 0.666146, 0.700000, 0.538462, 0.608696, 0.661866, 0.663258
13, 1, 168, 0.666667, 0.673856, 0.818182, 0.529412, 0.642857, 0.678623, 0.691683
13, 2, 127, 0.750000, 0.665445, 0.851852, 0.676471, 0.754098, 0.665623, 0.667784
13, 3, 123, 0.666667, 0.672503, 0.666667, 0.823529, 0.736842, 0.667741, 0.677306
13, 4, 186, 0.766667, 0.662016, 0.763158, 0.852941, 0.805556, 0.668608, 0.671556
13, 5, 186, 0.783333, 0.648210, 0.818182, 0.794118, 0.805970, 0.660516, 0.665003
14, 1, 30, 0.650000, 0.685294, 0.666667, 0.727273, 0.695652, 0.669860, 0.669921
14, 2, 133, 0.683333, 0.686440, 0.705882, 0.727273, 0.716418, 0.679134, 0.681290
14, 3, 10, 0.616667, 0.684966, 0.619048, 0.787879, 0.693333, 0.664631, 0.666969
14, 4, 141, 0.700000, 0.670339, 0.826087, 0.575758, 0.678571, 0.664745, 0.666573
14, 5, 136, 0.683333, 0.668281, 0.733333, 0.666667, 0.698413, 0.666437, 0.675805
15, 1, 103, 0.616667, 0.684931, 1.000000, 0.178571, 0.303030, 0.682356, 0.685792
15, 2, 3, 0.566667, 0.713623, 0.519231, 0.964286, 0.675000, 0.678296, 0.679578
15, 3, 198, 0.650000, 0.669329, 0.640000, 0.571429, 0.603774, 0.663526, 0.664965
15, 4, 46, 0.666667, 0.661524, 0.750000, 0.428571, 0.545455, 0.671092, 0.682009
15, 5, 194, 0.716667, 0.665301, 0.789474, 0.535714, 0.638298, 0.661657, 0.665097
16, 1, 126, 0.733333, 0.672193, 0.823529, 0.518519, 0.636364, 0.660101, 0.660218
16, 2, 144, 0.750000, 0.674154, 0.833333, 0.555556, 0.666667, 0.667206, 0.670313
16, 3, 128, 0.716667, 0.665036, 0.916667, 0.407407, 0.564103, 0.662227, 0.670296
16, 4, 197, 0.666667, 0.675906, 0.684211, 0.481481, 0.565217, 0.672184, 0.686554
16, 5, 4, 0.733333, 0.688091, 0.739130, 0.629630, 0.680000, 0.669192, 0.737259
17, 1, 37, 0.616667, 0.682907, 0.616667, 1.000000, 0.762887, 0.671940, 0.674021
17, 2, 41, 0.616667, 0.681610, 0.616667, 1.000000, 0.762887, 0.671847, 0.694263
17, 3, 148, 0.733333, 0.669610, 0.769231, 0.810811, 0.789474, 0.663266, 0.678160
17, 4, 7, 0.650000, 0.681989, 0.750000, 0.648649, 0.695652, 0.667298, 0.690272
17, 5, 154, 0.666667, 0.671658, 0.680851, 0.864865, 0.761905, 0.671255, 0.675975
18, 1, 114, 0.733333, 0.679102, 0.692308, 0.870968, 0.771429, 0.675383, 0.684263
18, 2, 68, 0.700000, 0.677192, 0.675676, 0.806452, 0.735294, 0.673951, 0.678171
18, 3, 14, 0.750000, 0.680927, 0.710526, 0.870968, 0.782609, 0.662628, 0.664711
18, 4, 167, 0.683333, 0.681936, 0.687500, 0.709677, 0.698413, 0.665083, 0.703750
18, 5, 56, 0.650000, 0.681532, 0.638889, 0.741935, 0.686567, 0.666647, 0.673073
19, 1, 69, 0.616667, 0.684742, 0.678571, 0.575758, 0.622951, 0.684470, 0.684818
19, 2, 174, 0.616667, 0.686432, 0.692308, 0.545455, 0.610169, 0.680790, 0.680936
19, 3, 19, 0.616667, 0.689832, 0.727273, 0.484848, 0.581818, 0.674049, 0.674049
19, 4, 59, 0.633333, 0.681261, 0.666667, 0.666667, 0.666667, 0.664646, 0.670757
19, 5, 17, 0.633333, 0.685951, 0.789474, 0.454545, 0.576923, 0.675917, 0.686999
20, 1, 70, 0.650000, 0.687908, 0.703704, 0.593750, 0.644068, 0.679245, 0.679680
20, 2, 75, 0.666667, 0.681192, 0.636364, 0.875000, 0.736842, 0.669544, 0.677226
20, 3, 187, 0.683333, 0.672823, 0.842105, 0.500000, 0.627451, 0.673060, 0.673641
20, 4, 130, 0.616667, 0.684891, 0.736842, 0.437500, 0.549020, 0.672039, 0.686311
20, 5, 130, 0.666667, 0.676211, 0.875000, 0.437500, 0.583333, 0.678790, 0.700432
