# qvc TwoLocal incremental log
# combo: rotation_type=RY, entanglement=chain, ent_gate=CZ
# Columns: dim, num_layers, best_it, val_acc, val_loss, val_prec, val_rec, val_f1, lowest train loss, final train loss
2, 1, 149, 0.900000, 0.632182, 0.875000, 0.933333, 0.903226, 0.627689, 0.628128
2, 2, 115, 0.850000, 0.594817, 0.862069, 0.833333, 0.847458, 0.571646, 0.576475
2, 3, 88, 0.883333, 0.626053, 0.925926, 0.833333, 0.877193, 0.570494, 0.570767
2, 4, 32, 0.850000, 0.600903, 0.920000, 0.766667, 0.836364, 0.570365, 0.593469
2, 5, 139, 0.800000, 0.597069, 0.764706, 0.866667, 0.812500, 0.570744, 0.578288
3, 1, 159, 0.550000, 0.695138, 0.586207, 0.531250, 0.557377, 0.668510, 0.672143
3, 2, 90, 0.733333, 0.623230, 0.766667, 0.718750, 0.741935, 0.631467, 0.643316
3, 3, 200, 0.750000, 0.629481, 0.774194, 0.750000, 0.761905, 0.630311, 0.633500
3, 4, 74, 0.783333, 0.620426, 0.806452, 0.781250, 0.793651, 0.633005, 0.635312
3, 5, 145, 0.750000, 0.622443, 0.774194, 0.750000, 0.761905, 0.631211, 0.647788
4, 1, 199, 0.783333, 0.676701, 0.833333, 0.757576, 0.793651, 0.679880, 0.679880
4, 2, 104, 0.816667, 0.648730, 0.843750, 0.818182, 0.830769, 0.623631, 0.642111
4, 3, 164, 0.850000, 0.647714, 0.852941, 0.878788, 0.865672, 0.637357, 0.640044
4, 4, 189, 0.683333, 0.663680, 0.750000, 0.636364, 0.688525, 0.661444, 0.665214
4, 5, 100, 0.833333, 0.637710, 1.000000, 0.696970, 0.821429, 0.620572, 0.631885
5, 1, 185, 0.616667, 0.667145, 1.000000, 0.041667, 0.080000, 0.713014, 0.715919
5, 2, 157, 0.750000, 0.641055, 0.800000, 0.500000, 0.615385, 0.650501, 0.652508
5, 3, 193, 0.800000, 0.627532, 0.833333, 0.625000, 0.714286, 0.642867, 0.646440
5, 4, 149, 0.783333, 0.631920, 0.923077, 0.500000, 0.648649, 0.644235, 0.672497
5, 5, 117, 0.783333, 0.660604, 0.689655, 0.833333, 0.754717, 0.648215, 0.651063
6, 1, 4, 0.583333, 0.686438, 0.595745, 0.823529, 0.691358, 0.677765, 0.679307
6, 2, 157, 0.616667, 0.681080, 0.720000, 0.529412, 0.610169, 0.651761, 0.651761
6, 3, 200, 0.650000, 0.676483, 0.724138, 0.617647, 0.666667, 0.651378, 0.651378
6, 4, 122, 0.633333, 0.670865, 0.750000, 0.529412, 0.620690, 0.649762, 0.671814
6, 5, 182, 0.683333, 0.671149, 0.758621, 0.647059, 0.698413, 0.646714, 0.676562
7, 1, 134, 0.583333, 0.717111, 0.727273, 0.266667, 0.390244, 0.697834, 0.699983
7, 2, 165, 0.700000, 0.663088, 0.875000, 0.466667, 0.608696, 0.654829, 0.654882
7, 3, 189, 0.716667, 0.655898, 0.842105, 0.533333, 0.653061, 0.652066, 0.652402
7, 4, 129, 0.716667, 0.656101, 0.933333, 0.466667, 0.622222, 0.653498, 0.653502
7, 5, 185, 0.800000, 0.653594, 0.781250, 0.833333, 0.806452, 0.652464, 0.659111
8, 1, 1, 0.616667, 0.704059, 0.616667, 1.000000, 0.762887, 0.704164, 0.704343
8, 2, 179, 0.850000, 0.674636, 0.937500, 0.810811, 0.869565, 0.673541, 0.673541
8, 3, 200, 0.750000, 0.669880, 0.892857, 0.675676, 0.769231, 0.671295, 0.672220
8, 4, 181, 0.650000, 0.670434, 0.750000, 0.648649, 0.695652, 0.684509, 0.685052
8, 5, 107, 0.683333, 0.669953, 0.750000, 0.729730, 0.739726, 0.665890, 0.666945
9, 1, 179, 0.600000, 0.688646, 0.533333, 0.320000, 0.400000, 0.706483, 0.707306
9, 2, 53, 0.600000, 0.690940, 0.533333, 0.320000, 0.400000, 0.700337, 0.732176
9, 3, 120, 0.650000, 0.680513, 0.700000, 0.280000, 0.400000, 0.669710, 0.670979
9, 4, 54, 0.633333, 0.677912, 0.800000, 0.160000, 0.266667, 0.660913, 0.660913
9, 5, 139, 0.683333, 0.673605, 0.875000, 0.280000, 0.424242, 0.661836, 0.662296
10, 1, 66, 0.616667, 0.703249, 0.681818, 0.483871, 0.566038, 0.709969, 0.716594
10, 2, 185, 0.700000, 0.665228, 0.675676, 0.806452, 0.735294, 0.676878, 0.689002
10, 3, 169, 0.633333, 0.677629, 0.621622, 0.741935, 0.676471, 0.684136, 0.686060
10, 4, 155, 0.733333, 0.668169, 0.741935, 0.741935, 0.741935, 0.667595, 0.671933
10, 5, 191, 0.666667, 0.671411, 0.823529, 0.451613, 0.583333, 0.666770, 0.672852
11, 1, 125, 0.616667, 0.708724, 0.866667, 0.382353, 0.530612, 0.702323, 0.702674
11, 2, 85, 0.683333, 0.674214, 0.777778, 0.617647, 0.688525, 0.682375, 0.700106
11, 3, 83, 0.650000, 0.662380, 0.666667, 0.764706, 0.712329, 0.677535, 0.678081
11, 4, 114, 0.683333, 0.668423, 0.741935, 0.676471, 0.707692, 0.674014, 0.684338
11, 5, 82, 0.666667, 0.678878, 0.850000, 0.500000, 0.629630, 0.667299, 0.668630
12, 1, 200, 0.600000, 0.683510, 0.555556, 0.384615, 0.454545, 0.699268, 0.702930
12, 2, 199, 0.716667, 0.662144, 0.909091, 0.384615, 0.540541, 0.681404, 0.685558
12, 3, 112, 0.716667, 0.670457, 0.909091, 0.384615, 0.540541, 0.676297, 0.676686
12, 4, 175, 0.700000, 0.666228, 0.833333, 0.384615, 0.526316, 0.676963, 0.686738
12, 5, 103, 0.716667, 0.669046, 0.846154, 0.423077, 0.564103, 0.664282, 0.664929
13, 1, 181, 0.700000, 0.663611, 0.807692, 0.617647, 0.700000, 0.671010, 0.695882
13, 2, 147, 0.683333, 0.668546, 0.800000, 0.588235, 0.677966, 0.669793, 0.670730
13, 3, 194, 0.733333, 0.657117, 0.950000, 0.558824, 0.703704, 0.666491, 0.667889
13, 4, 167, 0.700000, 0.656831, 0.833333, 0.588235, 0.689655, 0.667212, 0.681469
13, 5, 179, 0.700000, 0.664121, 0.785714, 0.647059, 0.709677, 0.669176, 0.669176
14, 1, 178, 0.733333, 0.669199, 0.869565, 0.606061, 0.714286, 0.678429, 0.678820
14, 2, 182, 0.716667, 0.669256, 0.863636, 0.575758, 0.690909, 0.678841, 0.678875
14, 3, 73, 0.700000, 0.675824, 0.941176, 0.484848, 0.640000, 0.667041, 0.673611
14, 4, 87, 0.700000, 0.669493, 0.826087, 0.575758, 0.678571, 0.667855, 0.667855
14, 5, 101, 0.750000, 0.671883, 0.909091, 0.606061, 0.727273, 0.662510, 0.662678
15, 1, 196, 0.616667, 0.692693, 0.575758, 0.678571, 0.622951, 0.669619, 0.670148
15, 2, 141, 0.650000, 0.665953, 0.733333, 0.392857, 0.511628, 0.665332, 0.675936
15, 3, 185, 0.716667, 0.662240, 0.720000, 0.642857, 0.679245, 0.662214, 0.662214
15, 4, 107, 0.666667, 0.673462, 0.653846, 0.607143, 0.629630, 0.662527, 0.662527
15, 5, 119, 0.716667, 0.660004, 0.689655, 0.714286, 0.701754, 0.661342, 0.663786
16, 1, 1, 0.450000, 0.869251, 0.450000, 1.000000, 0.620690, 0.687737, 0.687737
16, 2, 65, 0.566667, 0.697411, 1.000000, 0.037037, 0.071429, 0.689923, 0.700409
16, 3, 197, 0.716667, 0.674014, 0.750000, 0.555556, 0.638298, 0.662022, 0.671621
16, 4, 17, 0.566667, 0.697677, 0.666667, 0.074074, 0.133333, 0.688214, 0.690090
16, 5, 130, 0.666667, 0.682154, 0.666667, 0.518519, 0.583333, 0.669061, 0.683244
17, 1, 40, 0.683333, 0.687184, 0.764706, 0.702703, 0.732394, 0.699942, 0.700250
17, 2, 15, 0.650000, 0.677562, 0.681818, 0.810811, 0.740741, 0.682078, 0.682318
17, 3, 41, 0.633333, 0.684197, 0.714286, 0.675676, 0.694444, 0.679121, 0.684876
17, 4, 181, 0.633333, 0.675440, 0.674419, 0.783784, 0.725000, 0.684501, 0.685148
17, 5, 81, 0.650000, 0.675536, 0.681818, 0.810811, 0.740741, 0.676514, 0.678358
18, 1, 1, 0.516667, 0.746719, 0.516667, 1.000000, 0.681319, 0.696660, 0.701672
18, 2, 185, 0.600000, 0.688897, 0.577778, 0.838710, 0.684211, 0.685589, 0.697531
18, 3, 160, 0.616667, 0.687175, 0.595238, 0.806452, 0.684932, 0.678134, 0.727536
18, 4, 150, 0.633333, 0.681316, 0.636364, 0.677419, 0.656250, 0.679166, 0.679185
18, 5, 199, 0.683333, 0.668680, 0.714286, 0.645161, 0.677966, 0.676658, 0.679088
19, 1, 93, 0.600000, 0.693166, 0.628571, 0.666667, 0.647059, 0.697358, 0.705152
19, 2, 139, 0.616667, 0.691353, 0.692308, 0.545455, 0.610169, 0.678228, 0.680828
19, 3, 56, 0.633333, 0.686333, 0.641026, 0.757576, 0.694444, 0.677475, 0.701466
19, 4, 21, 0.583333, 0.692795, 0.600000, 0.727273, 0.657534, 0.676865, 0.679891
19, 5, 118, 0.600000, 0.690233, 0.680000, 0.515152, 0.586207, 0.675630, 0.675723
20, 1, 8, 0.550000, 0.704131, 0.543860, 0.968750, 0.696629, 0.689296, 0.690429
20, 2, 67, 0.566667, 0.708239, 0.800000, 0.250000, 0.380952, 0.683850, 0.687097
20, 3, 38, 0.566667, 0.710350, 0.800000, 0.250000, 0.380952, 0.683215, 0.683215
20, 4, 116, 0.566667, 0.702552, 0.553571, 0.968750, 0.704545, 0.679765, 0.680245
20, 5, 80, 0.583333, 0.704724, 0.888889, 0.250000, 0.390244, 0.681453, 0.715389
