# qvc TwoLocal incremental log
# combo: rotation_type=RYRZ, entanglement=chain, ent_gate=CNOT
# Columns: dim, num_layers, best_it, val_acc, val_loss, val_prec, val_rec, val_f1, lowest train loss, final train loss
2, 1, 122, 0.883333, 0.642385, 0.870968, 0.900000, 0.885246, 0.630841, 0.645382
2, 2, 92, 0.900000, 0.660163, 0.852941, 0.966667, 0.906250, 0.570357, 0.570952
2, 3, 89, 0.866667, 0.610831, 0.923077, 0.800000, 0.857143, 0.570793, 0.573467
2, 4, 168, 0.833333, 0.596299, 0.812500, 0.866667, 0.838710, 0.570145, 0.574949
2, 5, 43, 0.850000, 0.610024, 0.769231, 1.000000, 0.869565, 0.570086, 0.609325
3, 1, 169, 0.650000, 0.680155, 0.677419, 0.656250, 0.666667, 0.668373, 0.669336
3, 2, 136, 0.716667, 0.631925, 0.758621, 0.687500, 0.721311, 0.631990, 0.644572
3, 3, 180, 0.733333, 0.637910, 0.690476, 0.906250, 0.783784, 0.639084, 0.653592
3, 4, 196, 0.750000, 0.630093, 0.757576, 0.781250, 0.769231, 0.633369, 0.682968
3, 5, 192, 0.783333, 0.625783, 0.771429, 0.843750, 0.805970, 0.630601, 0.635966
4, 1, 159, 0.750000, 0.680466, 0.821429, 0.696970, 0.754098, 0.676183, 0.676183
4, 2, 81, 0.833333, 0.679830, 0.960000, 0.727273, 0.827586, 0.625499, 0.625499
4, 3, 172, 0.900000, 0.622464, 0.909091, 0.909091, 0.909091, 0.633004, 0.640107
4, 4, 79, 0.883333, 0.605324, 0.933333, 0.848485, 0.888889, 0.601077, 0.612762
4, 5, 65, 0.766667, 0.660026, 0.806452, 0.757576, 0.781250, 0.626999, 0.628298
5, 1, 134, 0.583333, 0.705792, 0.470588, 0.333333, 0.390244, 0.704231, 0.704231
5, 2, 136, 0.766667, 0.645280, 0.692308, 0.750000, 0.720000, 0.644882, 0.645458
5, 3, 191, 0.700000, 0.639707, 0.714286, 0.416667, 0.526316, 0.670475, 0.703958
5, 4, 36, 0.800000, 0.646168, 0.750000, 0.750000, 0.750000, 0.636809, 0.641739
5, 5, 14, 0.783333, 0.653006, 0.866667, 0.541667, 0.666667, 0.630985, 0.640280
6, 1, 143, 0.616667, 0.690175, 0.739130, 0.500000, 0.596491, 0.676128, 0.676250
6, 2, 70, 0.666667, 0.673210, 0.718750, 0.676471, 0.696970, 0.654627, 0.657086
6, 3, 176, 0.666667, 0.665699, 0.718750, 0.676471, 0.696970, 0.648551, 0.649455
6, 4, 199, 0.700000, 0.664139, 0.900000, 0.529412, 0.666667, 0.646382, 0.659357
6, 5, 162, 0.633333, 0.678137, 0.875000, 0.411765, 0.560000, 0.651619, 0.653594
7, 1, 172, 0.666667, 0.672198, 0.708333, 0.566667, 0.629630, 0.669216, 0.669330
7, 2, 149, 0.750000, 0.658260, 0.800000, 0.666667, 0.727273, 0.652011, 0.652991
7, 3, 164, 0.766667, 0.654911, 0.833333, 0.666667, 0.740741, 0.641746, 0.655269
7, 4, 127, 0.733333, 0.657762, 0.750000, 0.700000, 0.724138, 0.647972, 0.648331
7, 5, 157, 0.783333, 0.654534, 0.869565, 0.666667, 0.754717, 0.644066, 0.659357
8, 1, 1, 0.616667, 0.692623, 0.616667, 1.000000, 0.762887, 0.704045, 0.709037
8, 2, 1, 0.616667, 0.691402, 0.616667, 1.000000, 0.762887, 0.697412, 0.698686
8, 3, 152, 0.716667, 0.672636, 0.700000, 0.945946, 0.804598, 0.660536, 0.668054
8, 4, 166, 0.750000, 0.644792, 0.789474, 0.810811, 0.800000, 0.646799, 0.654443
8, 5, 63, 0.766667, 0.655199, 0.828571, 0.783784, 0.805556, 0.645345, 0.765481
9, 1, 23, 0.583333, 0.689992, 0.500000, 0.360000, 0.418605, 0.706785, 0.706952
9, 2, 14, 0.583333, 0.682482, 0.500000, 0.080000, 0.137931, 0.669999, 0.669999
9, 3, 173, 0.633333, 0.657686, 0.714286, 0.200000, 0.312500, 0.648098, 0.652109
9, 4, 89, 0.700000, 0.669411, 0.769231, 0.400000, 0.526316, 0.654620, 0.656250
9, 5, 55, 0.633333, 0.685579, 0.588235, 0.400000, 0.476190, 0.648395, 0.653477
10, 1, 196, 0.600000, 0.697548, 0.629630, 0.548387, 0.586207, 0.705402, 0.713577
10, 2, 124, 0.616667, 0.695184, 0.681818, 0.483871, 0.566038, 0.676949, 0.678259
10, 3, 133, 0.733333, 0.673298, 0.941176, 0.516129, 0.666667, 0.664823, 0.664823
10, 4, 143, 0.666667, 0.673786, 0.761905, 0.516129, 0.615385, 0.660956, 0.668879
10, 5, 182, 0.650000, 0.676813, 0.812500, 0.419355, 0.553191, 0.663047, 0.663047
11, 1, 74, 0.600000, 0.705567, 0.857143, 0.352941, 0.500000, 0.701522, 0.716038
11, 2, 156, 0.716667, 0.673250, 0.904762, 0.558824, 0.690909, 0.675121, 0.675335
11, 3, 108, 0.633333, 0.693270, 0.928571, 0.382353, 0.541667, 0.667236, 0.670563
11, 4, 178, 0.650000, 0.687787, 0.842105, 0.470588, 0.603774, 0.662714, 0.662714
11, 5, 191, 0.766667, 0.658532, 0.750000, 0.882353, 0.810811, 0.658997, 0.658997
12, 1, 197, 0.666667, 0.681008, 0.800000, 0.307692, 0.444444, 0.698307, 0.708938
12, 2, 103, 0.633333, 0.666894, 1.000000, 0.153846, 0.266667, 0.676124, 0.676124
12, 3, 56, 0.633333, 0.675638, 1.000000, 0.153846, 0.266667, 0.671214, 0.671214
12, 4, 5, 0.666667, 0.677815, 0.875000, 0.269231, 0.411765, 0.674549, 0.674549
12, 5, 4, 0.650000, 0.677350, 0.777778, 0.269231, 0.400000, 0.668433, 0.685289
13, 1, 113, 0.666667, 0.672668, 0.733333, 0.647059, 0.687500, 0.672647, 0.672647
13, 2, 186, 0.800000, 0.652256, 0.958333, 0.676471, 0.793103, 0.664220, 0.664886
13, 3, 189, 0.716667, 0.664972, 0.947368, 0.529412, 0.679245, 0.664073, 0.664131
13, 4, 199, 0.766667, 0.650806, 0.794118, 0.794118, 0.794118, 0.660988, 0.660988
13, 5, 67, 0.700000, 0.670697, 0.900000, 0.529412, 0.666667, 0.663860, 0.668641
14, 1, 125, 0.683333, 0.674240, 0.850000, 0.515152, 0.641509, 0.679848, 0.679848
14, 2, 29, 0.633333, 0.681396, 0.761905, 0.484848, 0.592593, 0.680435, 0.680435
14, 3, 83, 0.683333, 0.673154, 0.769231, 0.606061, 0.677966, 0.666393, 0.684734
14, 4, 115, 0.700000, 0.663787, 0.727273, 0.727273, 0.727273, 0.669875, 0.676322
14, 5, 99, 0.716667, 0.664403, 0.785714, 0.666667, 0.721311, 0.664080, 0.664080
15, 1, 168, 0.633333, 0.690028, 0.588235, 0.714286, 0.645161, 0.668413, 0.677505
15, 2, 196, 0.683333, 0.665059, 0.736842, 0.500000, 0.595745, 0.665162, 0.666900
15, 3, 132, 0.633333, 0.701220, 0.571429, 0.857143, 0.685714, 0.669229, 0.678369
15, 4, 165, 0.683333, 0.668388, 0.655172, 0.678571, 0.666667, 0.662055, 0.663996
15, 5, 75, 0.633333, 0.678156, 0.750000, 0.321429, 0.450000, 0.661596, 0.665187
16, 1, 139, 0.550000, 0.698211, 0.000000, 0.000000, 0.000000, 0.689477, 0.689477
16, 2, 69, 0.566667, 0.698324, 0.666667, 0.074074, 0.133333, 0.692054, 0.692460
16, 3, 32, 0.566667, 0.693475, 1.000000, 0.037037, 0.071429, 0.689463, 0.692073
16, 4, 187, 0.633333, 0.690530, 0.857143, 0.222222, 0.352941, 0.688128, 0.694075
16, 5, 179, 0.816667, 0.657643, 0.807692, 0.777778, 0.792453, 0.654954, 0.670961
17, 1, 175, 0.683333, 0.686679, 0.750000, 0.729730, 0.739726, 0.699934, 0.700946
17, 2, 11, 0.716667, 0.683533, 0.777778, 0.756757, 0.767123, 0.684901, 0.684901
17, 3, 11, 0.700000, 0.681865, 0.756757, 0.756757, 0.756757, 0.679603, 0.684840
17, 4, 198, 0.683333, 0.670123, 0.781250, 0.675676, 0.724638, 0.659469, 0.661073
17, 5, 183, 0.716667, 0.663513, 0.738095, 0.837838, 0.784810, 0.663546, 0.665719
18, 1, 1, 0.516667, 0.746953, 0.516667, 1.000000, 0.681319, 0.697096, 0.698998
18, 2, 199, 0.583333, 0.692933, 0.565217, 0.838710, 0.675325, 0.687995, 0.689037
18, 3, 169, 0.683333, 0.675615, 0.730769, 0.612903, 0.666667, 0.672404, 0.684760
18, 4, 164, 0.650000, 0.686079, 0.619048, 0.838710, 0.712329, 0.669156, 0.670356
18, 5, 148, 0.616667, 0.687204, 0.617647, 0.677419, 0.646154, 0.670308, 0.693781
19, 1, 128, 0.600000, 0.692704, 0.628571, 0.666667, 0.647059, 0.696250, 0.708224
19, 2, 163, 0.616667, 0.688807, 0.647059, 0.666667, 0.656716, 0.677440, 0.677440
19, 3, 90, 0.650000, 0.683181, 0.657895, 0.757576, 0.704225, 0.670237, 0.670560
19, 4, 176, 0.700000, 0.675499, 0.800000, 0.606061, 0.689655, 0.663966, 0.663966
19, 5, 60, 0.616667, 0.690848, 0.678571, 0.575758, 0.622951, 0.674247, 0.674247
20, 1, 13, 0.550000, 0.704057, 0.543860, 0.968750, 0.696629, 0.689694, 0.691953
20, 2, 164, 0.566667, 0.702876, 0.553571, 0.968750, 0.704545, 0.683007, 0.683328
20, 3, 183, 0.583333, 0.683424, 0.666667, 0.437500, 0.528302, 0.671717, 0.678009
20, 4, 164, 0.583333, 0.682279, 0.666667, 0.437500, 0.528302, 0.666731, 0.666731
20, 5, 107, 0.616667, 0.681540, 0.680000, 0.531250, 0.596491, 0.669267, 0.671925
