# qvc TwoLocal incremental log
# combo: rotation_type=Rot, entanglement=full, ent_gate=CZ
# Columns: dim, num_layers, best_it, val_acc, val_loss, val_prec, val_rec, val_f1, lowest train loss, final train loss
2, 1, 161, 0.900000, 0.632744, 0.875000, 0.933333, 0.903226, 0.628370, 0.630250
2, 2, 68, 0.816667, 0.626330, 0.787879, 0.866667, 0.825397, 0.571867, 0.584330
2, 3, 91, 0.816667, 0.602744, 0.880000, 0.733333, 0.800000, 0.570361, 0.576101
2, 4, 69, 0.866667, 0.613713, 0.823529, 0.933333, 0.875000, 0.571935, 0.571935
2, 5, 120, 0.800000, 0.606374, 0.846154, 0.733333, 0.785714, 0.571540, 0.578238
3, 1, 176, 0.633333, 0.682503, 0.656250, 0.656250, 0.656250, 0.668975, 0.676447
3, 2, 150, 0.683333, 0.656680, 0.842105, 0.500000, 0.627451, 0.637588, 0.641736
3, 3, 142, 0.766667, 0.620680, 0.764706, 0.812500, 0.787879, 0.632038, 0.638495
3, 4, 115, 0.783333, 0.625363, 0.771429, 0.843750, 0.805970, 0.630347, 0.630861
3, 5, 35, 0.733333, 0.637249, 0.785714, 0.687500, 0.733333, 0.637011, 0.644979
4, 1, 119, 0.800000, 0.673661, 0.800000, 0.848485, 0.823529, 0.672344, 0.672746
4, 2, 122, 0.900000, 0.672546, 1.000000, 0.818182, 0.900000, 0.646165, 0.734311
4, 3, 142, 0.866667, 0.638084, 0.878788, 0.878788, 0.878788, 0.633404, 0.633404
4, 4, 62, 0.833333, 0.646702, 0.925926, 0.757576, 0.833333, 0.633048, 0.642330
4, 5, 73, 0.816667, 0.649355, 1.000000, 0.666667, 0.800000, 0.627010, 0.627099
5, 1, 106, 0.583333, 0.692091, 0.466667, 0.291667, 0.358974, 0.721158, 0.721158
5, 2, 70, 0.700000, 0.649636, 0.607143, 0.708333, 0.653846, 0.670399, 0.676712
5, 3, 164, 0.750000, 0.643858, 0.655172, 0.791667, 0.716981, 0.656869, 0.656869
5, 4, 144, 0.750000, 0.652541, 0.680000, 0.708333, 0.693878, 0.653130, 0.658070
5, 5, 84, 0.800000, 0.646043, 0.730769, 0.791667, 0.760000, 0.641307, 0.650604
6, 1, 51, 0.600000, 0.706921, 0.750000, 0.441176, 0.555556, 0.685710, 0.693492
6, 2, 8, 0.616667, 0.711146, 0.823529, 0.411765, 0.549020, 0.664611, 0.667644
6, 3, 3, 0.583333, 0.685326, 0.636364, 0.617647, 0.626866, 0.654191, 0.654193
6, 4, 164, 0.633333, 0.678341, 0.750000, 0.529412, 0.620690, 0.657608, 0.657649
6, 5, 4, 0.583333, 0.683120, 0.595745, 0.823529, 0.691358, 0.655804, 0.662641
7, 1, 26, 0.566667, 0.726130, 0.642857, 0.300000, 0.409091, 0.680762, 0.680762
7, 2, 171, 0.683333, 0.672362, 0.739130, 0.566667, 0.641509, 0.671051, 0.684054
7, 3, 98, 0.683333, 0.681991, 0.789474, 0.500000, 0.612245, 0.668112, 0.668112
7, 4, 174, 0.716667, 0.659132, 0.696970, 0.766667, 0.730159, 0.651270, 0.653590
7, 5, 119, 0.716667, 0.663618, 0.724138, 0.700000, 0.711864, 0.661459, 0.664122
8, 1, 1, 0.616667, 0.692132, 0.616667, 1.000000, 0.762887, 0.699108, 0.699108
8, 2, 1, 0.616667, 0.692375, 0.616667, 1.000000, 0.762887, 0.700261, 0.700261
8, 3, 166, 0.816667, 0.667304, 0.882353, 0.810811, 0.845070, 0.669113, 0.669113
8, 4, 193, 0.783333, 0.642510, 0.785714, 0.891892, 0.835443, 0.651414, 0.651414
8, 5, 116, 0.766667, 0.665702, 0.870968, 0.729730, 0.794118, 0.681291, 0.684030
9, 1, 124, 0.600000, 0.688991, 0.529412, 0.360000, 0.428571, 0.700669, 0.700669
9, 2, 168, 0.633333, 0.682641, 0.800000, 0.160000, 0.266667, 0.688966, 0.698980
9, 3, 119, 0.616667, 0.680187, 0.571429, 0.320000, 0.410256, 0.687575, 0.702065
9, 4, 12, 0.683333, 0.667040, 0.800000, 0.320000, 0.457143, 0.652562, 0.652562
9, 5, 11, 0.616667, 0.675853, 0.541667, 0.520000, 0.530612, 0.655493, 0.669648
10, 1, 155, 0.583333, 0.698734, 0.593750, 0.612903, 0.603175, 0.709245, 0.709245
10, 2, 33, 0.650000, 0.689097, 0.666667, 0.645161, 0.655738, 0.688130, 0.691238
10, 3, 61, 0.600000, 0.701554, 0.684211, 0.419355, 0.520000, 0.683796, 0.701549
10, 4, 119, 0.633333, 0.685490, 0.628571, 0.709677, 0.666667, 0.679372, 0.687909
10, 5, 120, 0.616667, 0.686881, 0.642857, 0.580645, 0.610169, 0.675521, 0.682525
11, 1, 19, 0.600000, 0.704765, 0.812500, 0.382353, 0.520000, 0.702321, 0.703009
11, 2, 7, 0.600000, 0.691482, 0.678571, 0.558824, 0.612903, 0.683434, 0.701167
11, 3, 80, 0.633333, 0.699346, 0.875000, 0.411765, 0.560000, 0.668960, 0.669405
11, 4, 197, 0.616667, 0.690591, 0.739130, 0.500000, 0.596491, 0.674469, 0.682118
11, 5, 29, 0.666667, 0.673949, 0.750000, 0.617647, 0.677419, 0.682108, 0.691948
12, 1, 34, 0.616667, 0.688524, 0.615385, 0.307692, 0.410256, 0.702362, 0.713405
12, 2, 56, 0.650000, 0.679679, 0.692308, 0.346154, 0.461538, 0.685583, 0.688672
12, 3, 97, 0.733333, 0.657075, 0.727273, 0.615385, 0.666667, 0.674902, 0.674902
12, 4, 116, 0.633333, 0.680866, 0.600000, 0.461538, 0.521739, 0.675951, 0.680151
12, 5, 90, 0.650000, 0.681225, 0.647059, 0.423077, 0.511628, 0.679403, 0.691924
13, 1, 168, 0.683333, 0.668350, 0.800000, 0.588235, 0.677966, 0.672675, 0.675472
13, 2, 99, 0.700000, 0.675878, 0.944444, 0.500000, 0.653846, 0.671505, 0.673055
13, 3, 184, 0.733333, 0.658135, 0.821429, 0.676471, 0.741935, 0.664988, 0.664988
13, 4, 26, 0.666667, 0.682649, 0.791667, 0.558824, 0.655172, 0.666814, 0.673019
13, 5, 151, 0.716667, 0.663153, 0.757576, 0.735294, 0.746269, 0.664454, 0.677278
14, 1, 141, 0.700000, 0.674229, 0.894737, 0.515152, 0.653846, 0.684349, 0.684349
14, 2, 153, 0.650000, 0.689210, 0.657895, 0.757576, 0.704225, 0.673029, 0.674676
14, 3, 31, 0.666667, 0.682831, 0.882353, 0.454545, 0.600000, 0.676040, 0.676740
14, 4, 14, 0.700000, 0.665153, 0.941176, 0.484848, 0.640000, 0.670805, 0.674498
14, 5, 137, 0.666667, 0.678781, 0.724138, 0.636364, 0.677419, 0.670189, 0.670876
15, 1, 125, 0.616667, 0.707631, 0.560976, 0.821429, 0.666667, 0.672318, 0.685697
15, 2, 14, 0.583333, 0.715010, 0.536585, 0.785714, 0.637681, 0.670004, 0.670004
15, 3, 138, 0.600000, 0.686430, 0.750000, 0.214286, 0.333333, 0.668315, 0.668447
15, 4, 183, 0.600000, 0.690801, 0.566667, 0.607143, 0.586207, 0.668351, 0.671540
15, 5, 179, 0.616667, 0.684605, 0.619048, 0.464286, 0.530612, 0.665835, 0.665835
16, 1, 36, 0.550000, 0.699752, 0.000000, 0.000000, 0.000000, 0.690727, 0.692961
16, 2, 33, 0.483333, 0.701193, 0.462963, 0.925926, 0.617284, 0.687232, 0.689187
16, 3, 75, 0.600000, 0.691104, 0.588235, 0.370370, 0.454545, 0.684873, 0.719329
16, 4, 56, 0.550000, 0.694191, 0.500000, 0.555556, 0.526316, 0.681774, 0.686305
16, 5, 193, 0.850000, 0.677629, 0.950000, 0.703704, 0.808511, 0.675143, 0.687409
17, 1, 51, 0.683333, 0.687110, 0.764706, 0.702703, 0.732394, 0.699859, 0.733505
17, 2, 15, 0.716667, 0.665444, 0.794118, 0.729730, 0.760563, 0.686194, 0.688058
17, 3, 117, 0.766667, 0.659925, 0.794872, 0.837838, 0.815789, 0.680911, 0.696846
17, 4, 71, 0.716667, 0.679972, 0.738095, 0.837838, 0.784810, 0.682289, 0.687223
17, 5, 56, 0.666667, 0.681636, 0.793103, 0.621622, 0.696970, 0.688416, 0.712917
18, 1, 1, 0.516667, 0.747773, 0.516667, 1.000000, 0.681319, 0.697267, 0.705850
18, 2, 17, 0.533333, 0.718398, 1.000000, 0.096774, 0.176471, 0.682802, 0.691146
18, 3, 57, 0.550000, 0.711880, 1.000000, 0.129032, 0.228571, 0.686296, 0.704001
18, 4, 75, 0.566667, 0.694930, 0.692308, 0.290323, 0.409091, 0.680237, 0.703894
18, 5, 89, 0.550000, 0.705192, 0.535714, 0.967742, 0.689655, 0.679149, 0.685318
19, 1, 149, 0.600000, 0.693048, 0.628571, 0.666667, 0.647059, 0.697474, 0.698441
19, 2, 23, 0.600000, 0.692994, 0.621622, 0.696970, 0.657143, 0.688238, 0.691260
19, 3, 11, 0.616667, 0.687038, 0.625000, 0.757576, 0.684932, 0.679864, 0.680550
19, 4, 7, 0.633333, 0.687395, 0.739130, 0.515152, 0.607143, 0.678004, 0.695329
19, 5, 86, 0.633333, 0.680529, 0.720000, 0.545455, 0.620690, 0.673833, 0.688016
20, 1, 164, 0.550000, 0.704125, 0.543860, 0.968750, 0.696629, 0.689690, 0.690179
20, 2, 4, 0.533333, 0.729081, 0.533333, 1.000000, 0.695652, 0.685306, 0.691430
20, 3, 49, 0.550000, 0.705248, 0.600000, 0.468750, 0.526316, 0.688237, 0.694115
20, 4, 138, 0.566667, 0.712147, 0.875000, 0.218750, 0.350000, 0.687071, 0.690865
20, 5, 118, 0.583333, 0.702119, 1.000000, 0.218750, 0.358974, 0.672732, 0.696962
