# qvc TwoLocal incremental log
# combo: rotation_type=RY, entanglement=chain, ent_gate=IsingXX
# Columns: dim, num_layers, best_it, val_acc, val_loss, val_prec, val_rec, val_f1, lowest train loss, final train loss
2, 1, 1, 0.500000, 0.693460, 0.500000, 1.000000, 0.666667, 0.692279, 0.692284
2, 2, 120, 0.933333, 0.628956, 0.964286, 0.900000, 0.931034, 0.625923, 0.626268
2, 3, 71, 0.900000, 0.630821, 0.900000, 0.900000, 0.900000, 0.626205, 0.629612
2, 4, 151, 0.900000, 0.629294, 0.875000, 0.933333, 0.903226, 0.626176, 0.637709
2, 5, 91, 0.900000, 0.629841, 0.900000, 0.900000, 0.900000, 0.626232, 0.630045
3, 1, 44, 0.533333, 0.692946, 0.533333, 1.000000, 0.695652, 0.693148, 0.693184
3, 2, 123, 0.633333, 0.678525, 0.692308, 0.562500, 0.620690, 0.683066, 0.685410
3, 3, 178, 0.583333, 0.699584, 0.666667, 0.437500, 0.528302, 0.673187, 0.674447
3, 4, 166, 0.600000, 0.699776, 0.750000, 0.375000, 0.500000, 0.669426, 0.681004
3, 5, 125, 0.666667, 0.679286, 0.687500, 0.687500, 0.687500, 0.672544, 0.692038
4, 1, 6, 0.550000, 0.692892, 0.550000, 1.000000, 0.709677, 0.691445, 0.696756
4, 2, 30, 0.900000, 0.655370, 0.965517, 0.848485, 0.903226, 0.663167, 0.665312
4, 3, 145, 0.900000, 0.655550, 0.935484, 0.878788, 0.906250, 0.663881, 0.668359
4, 4, 136, 0.833333, 0.662883, 0.896552, 0.787879, 0.838710, 0.667907, 0.673684
4, 5, 157, 0.900000, 0.655758, 0.909091, 0.909091, 0.909091, 0.663929, 0.673043
5, 1, 96, 0.600000, 0.691842, 0.000000, 0.000000, 0.000000, 0.690924, 0.701229
5, 2, 61, 0.700000, 0.675332, 0.636364, 0.583333, 0.608696, 0.657552, 0.658917
5, 3, 151, 0.700000, 0.662773, 0.687500, 0.458333, 0.550000, 0.662528, 0.672601
5, 4, 99, 0.683333, 0.670250, 0.592593, 0.666667, 0.627451, 0.660283, 0.676517
5, 5, 83, 0.733333, 0.673920, 0.681818, 0.625000, 0.652174, 0.658239, 0.658239
6, 1, 43, 0.566667, 0.693133, 0.566667, 1.000000, 0.723404, 0.691897, 0.692859
6, 2, 173, 0.750000, 0.653568, 0.771429, 0.794118, 0.782609, 0.668913, 0.670105
6, 3, 139, 0.600000, 0.679365, 0.600000, 0.882353, 0.714286, 0.681554, 0.684844
6, 4, 149, 0.700000, 0.658993, 0.863636, 0.558824, 0.678571, 0.667004, 0.668797
6, 5, 90, 0.683333, 0.652459, 0.727273, 0.705882, 0.716418, 0.670572, 0.673560
7, 1, 1, 0.500000, 0.693460, 0.500000, 1.000000, 0.666667, 0.690332, 0.692459
7, 2, 160, 0.633333, 0.672932, 0.750000, 0.400000, 0.521739, 0.667203, 0.667603
7, 3, 34, 0.583333, 0.690694, 0.692308, 0.300000, 0.418605, 0.678103, 0.678103
7, 4, 89, 0.616667, 0.681579, 0.769231, 0.333333, 0.465116, 0.668795, 0.670150
7, 5, 158, 0.633333, 0.675764, 0.681818, 0.500000, 0.576923, 0.666651, 0.668272
8, 1, 1, 0.616667, 0.687626, 0.616667, 1.000000, 0.762887, 0.693112, 0.693379
8, 2, 94, 0.883333, 0.674891, 0.968750, 0.837838, 0.898551, 0.677402, 0.677535
8, 3, 159, 0.900000, 0.677825, 0.918919, 0.918919, 0.918919, 0.678725, 0.680040
8, 4, 1, 0.616667, 0.691008, 0.616667, 1.000000, 0.762887, 0.693167, 0.693665
8, 5, 52, 0.900000, 0.683811, 0.942857, 0.891892, 0.916667, 0.678259, 0.678675
9, 1, 1, 0.583333, 0.689293, 0.000000, 0.000000, 0.000000, 0.691445, 0.705320
9, 2, 97, 0.633333, 0.681523, 0.714286, 0.200000, 0.312500, 0.672027, 0.672507
9, 3, 28, 0.583333, 0.689972, 0.000000, 0.000000, 0.000000, 0.687809, 0.692485
9, 4, 35, 0.633333, 0.677016, 1.000000, 0.120000, 0.214286, 0.675294, 0.682273
9, 5, 17, 0.600000, 0.692820, 0.600000, 0.120000, 0.200000, 0.675434, 0.676126
10, 1, 11, 0.516667, 0.693098, 0.516667, 1.000000, 0.681319, 0.690925, 0.691115
10, 2, 69, 0.616667, 0.699729, 0.785714, 0.354839, 0.488889, 0.670579, 0.674311
10, 3, 33, 0.533333, 0.692887, 0.526316, 0.967742, 0.681818, 0.690423, 0.692044
10, 4, 172, 0.650000, 0.676099, 0.692308, 0.580645, 0.631579, 0.673893, 0.673900
10, 5, 172, 0.650000, 0.683409, 0.727273, 0.516129, 0.603774, 0.681562, 0.683220
11, 1, 1, 0.566667, 0.690126, 0.566667, 1.000000, 0.723404, 0.691897, 0.692472
11, 2, 198, 0.616667, 0.684236, 0.603774, 0.941176, 0.735632, 0.668498, 0.670429
11, 3, 78, 0.616667, 0.690634, 0.677419, 0.617647, 0.646154, 0.691733, 0.691955
11, 4, 30, 0.600000, 0.700434, 0.750000, 0.441176, 0.555556, 0.668553, 0.670114
11, 5, 158, 0.583333, 0.698099, 0.846154, 0.323529, 0.468085, 0.668803, 0.670724
12, 1, 1, 0.566667, 0.690126, 0.000000, 0.000000, 0.000000, 0.691445, 0.694171
12, 2, 144, 0.666667, 0.679661, 0.600000, 0.692308, 0.642857, 0.675411, 0.677076
12, 3, 1, 0.566667, 0.687557, 0.000000, 0.000000, 0.000000, 0.690896, 0.697271
12, 4, 107, 0.650000, 0.674465, 0.727273, 0.307692, 0.432432, 0.675789, 0.678443
12, 5, 44, 0.583333, 0.692810, 0.529412, 0.346154, 0.418605, 0.691375, 0.699415
13, 1, 20, 0.566667, 0.692798, 0.566667, 1.000000, 0.723404, 0.692592, 0.700763
13, 2, 191, 0.600000, 0.675470, 0.608696, 0.823529, 0.700000, 0.681709, 0.683119
13, 3, 30, 0.683333, 0.688168, 0.692308, 0.794118, 0.739726, 0.673933, 0.678045
13, 4, 196, 0.700000, 0.667244, 0.863636, 0.558824, 0.678571, 0.671533, 0.672286
13, 5, 169, 0.716667, 0.682408, 0.707317, 0.852941, 0.773333, 0.678647, 0.679943
14, 1, 119, 0.550000, 0.693144, 0.550000, 1.000000, 0.709677, 0.693008, 0.694554
14, 2, 189, 0.650000, 0.678183, 0.730769, 0.575758, 0.644068, 0.671746, 0.671762
14, 3, 148, 0.750000, 0.679280, 0.875000, 0.636364, 0.736842, 0.681649, 0.682523
14, 4, 132, 0.733333, 0.664891, 0.793103, 0.696970, 0.741935, 0.671592, 0.671603
14, 5, 73, 0.716667, 0.682871, 0.807692, 0.636364, 0.711864, 0.675396, 0.675396
15, 1, 1, 0.466667, 0.695126, 0.466667, 1.000000, 0.636364, 0.691445, 0.693137
15, 2, 170, 0.583333, 0.691898, 0.615385, 0.285714, 0.390244, 0.684795, 0.686468
15, 3, 118, 0.616667, 0.688139, 0.575758, 0.678571, 0.622951, 0.672641, 0.674354
15, 4, 130, 0.600000, 0.706503, 0.545455, 0.857143, 0.666667, 0.672324, 0.686799
15, 5, 183, 0.566667, 0.690818, 0.666667, 0.142857, 0.235294, 0.673375, 0.682279
16, 1, 1, 0.550000, 0.690960, 0.000000, 0.000000, 0.000000, 0.685315, 0.686719
16, 2, 19, 0.833333, 0.684401, 0.814815, 0.814815, 0.814815, 0.676145, 0.682398
16, 3, 117, 0.833333, 0.686680, 1.000000, 0.629630, 0.772727, 0.679525, 0.681809
16, 4, 199, 0.683333, 0.688712, 0.750000, 0.444444, 0.558140, 0.686883, 0.689841
16, 5, 136, 0.800000, 0.683644, 0.826087, 0.703704, 0.760000, 0.677864, 0.682625
17, 1, 82, 0.616667, 0.692762, 0.616667, 1.000000, 0.762887, 0.693113, 0.702548
17, 2, 103, 0.633333, 0.690068, 0.636364, 0.945946, 0.760870, 0.687927, 0.688882
17, 3, 12, 0.616667, 0.692564, 0.616667, 1.000000, 0.762887, 0.691505, 0.693187
17, 4, 19, 0.700000, 0.686656, 0.743590, 0.783784, 0.763158, 0.697484, 0.705649
17, 5, 12, 0.616667, 0.691166, 0.659091, 0.783784, 0.716049, 0.691238, 0.696815
18, 1, 3, 0.516667, 0.692977, 0.516667, 1.000000, 0.681319, 0.691445, 0.694691
18, 2, 103, 0.633333, 0.683416, 0.628571, 0.709677, 0.666667, 0.684516, 0.685373
18, 3, 1, 0.516667, 0.692336, 0.516667, 1.000000, 0.681319, 0.691283, 0.691420
18, 4, 179, 0.550000, 0.698520, 0.550000, 0.709677, 0.619718, 0.694743, 0.702606
18, 5, 1, 0.516667, 0.692165, 0.516667, 1.000000, 0.681319, 0.689531, 0.690376
19, 1, 1, 0.550000, 0.690960, 0.550000, 1.000000, 0.709677, 0.692592, 0.692600
19, 2, 189, 0.633333, 0.678396, 0.641026, 0.757576, 0.694444, 0.681034, 0.689257
19, 3, 97, 0.583333, 0.692627, 0.580000, 0.878788, 0.698795, 0.692138, 0.692649
19, 4, 7, 0.566667, 0.686955, 0.600000, 0.636364, 0.617647, 0.681026, 0.681026
19, 5, 55, 0.566667, 0.692641, 0.566038, 0.909091, 0.697674, 0.684994, 0.695968
20, 1, 1, 0.533333, 0.691793, 0.533333, 1.000000, 0.695652, 0.691446, 0.691731
20, 2, 73, 0.600000, 0.683315, 0.625000, 0.625000, 0.625000, 0.673709, 0.673709
20, 3, 138, 0.550000, 0.694055, 0.580645, 0.562500, 0.571429, 0.688805, 0.689405
20, 4, 6, 0.566667, 0.709320, 0.750000, 0.281250, 0.409091, 0.676721, 0.676721
20, 5, 4, 0.533333, 0.692007, 0.533333, 1.000000, 0.695652, 0.689455, 0.690824
