# qvc TwoLocal incremental log
# combo: rotation_type=Rot, entanglement=chain, ent_gate=CNOT
# Columns: dim, num_layers, best_it, val_acc, val_loss, val_prec, val_rec, val_f1, lowest train loss, final train loss
2, 1, 49, 0.583333, 0.700476, 0.857143, 0.200000, 0.324324, 0.697152, 0.698389
2, 2, 99, 0.650000, 0.675374, 0.680000, 0.566667, 0.618182, 0.654326, 0.654326
2, 3, 74, 0.650000, 0.675127, 0.695652, 0.533333, 0.603774, 0.655845, 0.655845
2, 4, 76, 0.666667, 0.677830, 0.638889, 0.766667, 0.696970, 0.655631, 0.657715
2, 5, 98, 0.650000, 0.676983, 0.714286, 0.500000, 0.588235, 0.652604, 0.673546
3, 1, 194, 0.600000, 0.672612, 0.533333, 0.615385, 0.571429, 0.705322, 0.705743
3, 2, 23, 0.616667, 0.668759, 0.600000, 0.346154, 0.439024, 0.671752, 0.672785
3, 3, 135, 0.650000, 0.684439, 0.567568, 0.807692, 0.666667, 0.673054, 0.679673
3, 4, 51, 0.683333, 0.651907, 0.666667, 0.538462, 0.595745, 0.674491, 0.675297
3, 5, 91, 0.650000, 0.661811, 0.631579, 0.461538, 0.533333, 0.662545, 0.679178
4, 1, 141, 0.750000, 0.662189, 0.800000, 0.666667, 0.727273, 0.667007, 0.681269
4, 2, 15, 0.800000, 0.653735, 0.909091, 0.666667, 0.769231, 0.622618, 0.626308
4, 3, 30, 0.866667, 0.622947, 0.789474, 1.000000, 0.882353, 0.590235, 0.617240
4, 4, 99, 0.783333, 0.621200, 0.904762, 0.633333, 0.745098, 0.584638, 0.585365
4, 5, 67, 0.800000, 0.634485, 0.950000, 0.633333, 0.760000, 0.581220, 0.587294
5, 1, 106, 0.633333, 0.694700, 0.769231, 0.344828, 0.476190, 0.689413, 0.699356
5, 2, 143, 0.600000, 0.705370, 0.600000, 0.517241, 0.555556, 0.657431, 0.660856
5, 3, 89, 0.600000, 0.686857, 0.619048, 0.448276, 0.520000, 0.652595, 0.678593
5, 4, 156, 0.600000, 0.686753, 0.608696, 0.482759, 0.538462, 0.646033, 0.664285
5, 5, 49, 0.633333, 0.682584, 0.585366, 0.827586, 0.685714, 0.646396, 0.654483
6, 1, 164, 0.616667, 0.691070, 0.833333, 0.322581, 0.465116, 0.676744, 0.678258
6, 2, 91, 0.700000, 0.641133, 0.740741, 0.645161, 0.689655, 0.636028, 0.642044
6, 3, 193, 0.733333, 0.661586, 0.800000, 0.645161, 0.714286, 0.619895, 0.620119
6, 4, 162, 0.783333, 0.633825, 0.875000, 0.677419, 0.763636, 0.609849, 0.633616
6, 5, 71, 0.783333, 0.635246, 0.875000, 0.677419, 0.763636, 0.608115, 0.634046
7, 1, 21, 0.633333, 0.669951, 0.500000, 0.318182, 0.388889, 0.665203, 0.666726
7, 2, 125, 0.700000, 0.648391, 0.625000, 0.454545, 0.526316, 0.637041, 0.643734
7, 3, 181, 0.716667, 0.673181, 0.619048, 0.590909, 0.604651, 0.628139, 0.643084
7, 4, 131, 0.783333, 0.637456, 0.800000, 0.545455, 0.648649, 0.628294, 0.629060
7, 5, 22, 0.733333, 0.635628, 0.800000, 0.363636, 0.500000, 0.615973, 0.619672
8, 1, 26, 0.733333, 0.676621, 0.600000, 0.714286, 0.652174, 0.675967, 0.677528
8, 2, 21, 0.800000, 0.642225, 0.764706, 0.619048, 0.684211, 0.634709, 0.657577
8, 3, 27, 0.800000, 0.645402, 1.000000, 0.428571, 0.600000, 0.623065, 0.632410
8, 4, 182, 0.833333, 0.617205, 0.789474, 0.714286, 0.750000, 0.600908, 0.600908
8, 5, 101, 0.850000, 0.594142, 1.000000, 0.571429, 0.727273, 0.601781, 0.606840
9, 1, 172, 0.650000, 0.674017, 0.620690, 0.642857, 0.631579, 0.684307, 0.691823
9, 2, 79, 0.900000, 0.588430, 0.923077, 0.857143, 0.888889, 0.606739, 0.607452
9, 3, 55, 0.900000, 0.551386, 0.958333, 0.821429, 0.884615, 0.599855, 0.606571
9, 4, 71, 0.933333, 0.590128, 1.000000, 0.857143, 0.923077, 0.598404, 0.599753
9, 5, 121, 0.900000, 0.547837, 0.958333, 0.821429, 0.884615, 0.593924, 0.605301
10, 1, 15, 0.600000, 0.696417, 0.586207, 0.586207, 0.586207, 0.666192, 0.669130
10, 2, 137, 0.750000, 0.646190, 0.750000, 0.724138, 0.736842, 0.616751, 0.623013
10, 3, 12, 0.783333, 0.630063, 0.785714, 0.758621, 0.771930, 0.590488, 0.594128
10, 4, 32, 0.883333, 0.596634, 1.000000, 0.758621, 0.862745, 0.571568, 0.572662
10, 5, 53, 0.833333, 0.600926, 1.000000, 0.655172, 0.791667, 0.563823, 0.587230
11, 1, 6, 0.633333, 0.679050, 0.585366, 0.827586, 0.685714, 0.689511, 0.689574
11, 2, 121, 0.683333, 0.658893, 0.812500, 0.448276, 0.577778, 0.646973, 0.647042
11, 3, 82, 0.733333, 0.642231, 0.709677, 0.758621, 0.733333, 0.623268, 0.624191
11, 4, 61, 0.833333, 0.618130, 0.880000, 0.758621, 0.814815, 0.587731, 0.594606
11, 5, 168, 0.850000, 0.589458, 0.916667, 0.758621, 0.830189, 0.579179, 0.579408
12, 1, 33, 0.700000, 0.643458, 0.750000, 0.535714, 0.625000, 0.682713, 0.686011
12, 2, 110, 0.800000, 0.632970, 0.833333, 0.714286, 0.769231, 0.650893, 0.658802
12, 3, 170, 0.783333, 0.631529, 0.800000, 0.714286, 0.754717, 0.645662, 0.646587
12, 4, 200, 0.833333, 0.607268, 0.821429, 0.821429, 0.821429, 0.632691, 0.633247
12, 5, 40, 0.883333, 0.613554, 0.888889, 0.857143, 0.872727, 0.631789, 0.688121
13, 1, 197, 0.750000, 0.624469, 1.000000, 0.516129, 0.680851, 0.664135, 0.671210
13, 2, 112, 0.883333, 0.613347, 0.961538, 0.806452, 0.877193, 0.630082, 0.630809
13, 3, 135, 0.900000, 0.584644, 1.000000, 0.806452, 0.892857, 0.614560, 0.617626
13, 4, 156, 0.916667, 0.569697, 0.964286, 0.870968, 0.915254, 0.596979, 0.598171
13, 5, 116, 0.883333, 0.569967, 0.900000, 0.870968, 0.885246, 0.602854, 0.615519
14, 1, 66, 0.716667, 0.641506, 0.739130, 0.607143, 0.666667, 0.654130, 0.656534
14, 2, 14, 0.750000, 0.628302, 0.882353, 0.535714, 0.666667, 0.639099, 0.648942
14, 3, 164, 0.766667, 0.638725, 0.718750, 0.821429, 0.766667, 0.631402, 0.631596
14, 4, 93, 0.850000, 0.625601, 0.851852, 0.821429, 0.836364, 0.622503, 0.639065
14, 5, 138, 0.866667, 0.608265, 0.812500, 0.928571, 0.866667, 0.607620, 0.625499
15, 1, 51, 0.733333, 0.651186, 1.000000, 0.407407, 0.578947, 0.625648, 0.625925
15, 2, 66, 0.716667, 0.642401, 1.000000, 0.370370, 0.540541, 0.620570, 0.626970
15, 3, 63, 0.716667, 0.644974, 0.777778, 0.518519, 0.622222, 0.617548, 0.617548
15, 4, 111, 0.766667, 0.638835, 1.000000, 0.481481, 0.650000, 0.610269, 0.613258
15, 5, 181, 0.750000, 0.637110, 0.875000, 0.518519, 0.651163, 0.612988, 0.619386
16, 1, 194, 0.650000, 0.677346, 0.730769, 0.575758, 0.644068, 0.675977, 0.677361
16, 2, 61, 0.716667, 0.666177, 0.750000, 0.727273, 0.738462, 0.630510, 0.630510
16, 3, 40, 0.700000, 0.667337, 0.758621, 0.666667, 0.709677, 0.627524, 0.635981
16, 4, 71, 0.733333, 0.647513, 0.840000, 0.636364, 0.724138, 0.622604, 0.647467
16, 5, 128, 0.750000, 0.629055, 0.909091, 0.606061, 0.727273, 0.615052, 0.688884
17, 1, 140, 0.583333, 0.705322, 0.550000, 0.407407, 0.468085, 0.692828, 0.693702
17, 2, 170, 0.900000, 0.611963, 0.956522, 0.814815, 0.880000, 0.622612, 0.636333
17, 3, 146, 0.933333, 0.598239, 0.960000, 0.888889, 0.923077, 0.610561, 0.610700
17, 4, 89, 0.916667, 0.597836, 0.958333, 0.851852, 0.901961, 0.600659, 0.601048
17, 5, 111, 0.933333, 0.580897, 0.960000, 0.888889, 0.923077, 0.598079, 0.601312
18, 1, 14, 0.516667, 0.715103, 0.509804, 0.866667, 0.641975, 0.693683, 0.698911
18, 2, 116, 0.766667, 0.628658, 0.944444, 0.566667, 0.708333, 0.616892, 0.629855
18, 3, 73, 0.816667, 0.644710, 0.952381, 0.666667, 0.784314, 0.594771, 0.602223
18, 4, 32, 0.833333, 0.619162, 0.954545, 0.700000, 0.807692, 0.586670, 0.587744
18, 5, 37, 0.833333, 0.632756, 0.954545, 0.700000, 0.807692, 0.582003, 0.582629
19, 1, 132, 0.616667, 0.690691, 0.857143, 0.363636, 0.510638, 0.676116, 0.678475
19, 2, 184, 0.750000, 0.619835, 0.909091, 0.606061, 0.727273, 0.615973, 0.615973
19, 3, 148, 0.833333, 0.582919, 0.848485, 0.848485, 0.848485, 0.603317, 0.603460
19, 4, 97, 0.833333, 0.580504, 0.896552, 0.787879, 0.838710, 0.591761, 0.595589
19, 5, 115, 0.883333, 0.576039, 0.964286, 0.818182, 0.885246, 0.589795, 0.595218
20, 1, 102, 0.733333, 0.664810, 0.888889, 0.347826, 0.500000, 0.682359, 0.682359
20, 2, 158, 0.866667, 0.592230, 0.826087, 0.826087, 0.826087, 0.612935, 0.619952
20, 3, 107, 0.883333, 0.583853, 0.833333, 0.869565, 0.851064, 0.598769, 0.604306
20, 4, 32, 0.933333, 0.573384, 0.952381, 0.869565, 0.909091, 0.582616, 0.590728
20, 5, 107, 0.933333, 0.561630, 0.913043, 0.913043, 0.913043, 0.581270, 0.596154