# qvc TwoLocal incremental log
# combo: rotation_type=RYRZ, entanglement=chain, ent_gate=CZ
# Columns: dim, num_layers, best_it, val_acc, val_loss, val_prec, val_rec, val_f1, lowest train loss, final train loss
2, 1, 116, 0.850000, 0.650320, 0.862069, 0.833333, 0.847458, 0.630970, 0.630970
2, 2, 59, 0.866667, 0.613476, 0.892857, 0.833333, 0.862069, 0.570525, 0.574571
2, 3, 54, 0.816667, 0.603461, 0.851852, 0.766667, 0.807018, 0.570308, 0.593983
2, 4, 111, 0.850000, 0.601120, 0.862069, 0.833333, 0.847458, 0.573619, 0.584492
2, 5, 166, 0.816667, 0.592340, 0.787879, 0.866667, 0.825397, 0.570096, 0.580818
3, 1, 156, 0.566667, 0.706169, 0.687500, 0.343750, 0.458333, 0.669060, 0.672467
3, 2, 165, 0.750000, 0.618605, 0.793103, 0.718750, 0.754098, 0.632063, 0.635305
3, 3, 193, 0.750000, 0.628614, 0.774194, 0.750000, 0.761905, 0.633650, 0.636265
3, 4, 152, 0.783333, 0.618140, 0.787879, 0.812500, 0.800000, 0.630015, 0.636306
3, 5, 168, 0.766667, 0.624416, 0.781250, 0.781250, 0.781250, 0.630600, 0.651808
4, 1, 197, 0.800000, 0.677346, 0.800000, 0.848485, 0.823529, 0.680649, 0.681615
4, 2, 114, 0.866667, 0.647387, 0.962963, 0.787879, 0.866667, 0.625146, 0.628399
4, 3, 62, 0.833333, 0.648387, 0.780488, 0.969697, 0.864865, 0.618291, 0.623368
4, 4, 96, 0.833333, 0.646477, 0.896552, 0.787879, 0.838710, 0.620173, 0.620173
4, 5, 75, 0.816667, 0.650015, 0.805556, 0.878788, 0.840580, 0.620052, 0.620052
5, 1, 40, 0.600000, 0.688707, 0.500000, 0.166667, 0.250000, 0.725225, 0.725225
5, 2, 125, 0.800000, 0.659543, 0.750000, 0.750000, 0.750000, 0.648622, 0.648622
5, 3, 151, 0.750000, 0.650028, 0.736842, 0.583333, 0.651163, 0.650626, 0.663155
5, 4, 156, 0.733333, 0.658902, 0.642857, 0.750000, 0.692308, 0.644409, 0.644409
5, 5, 187, 0.766667, 0.621504, 0.812500, 0.541667, 0.650000, 0.647288, 0.661449
6, 1, 133, 0.616667, 0.689830, 0.739130, 0.500000, 0.596491, 0.677971, 0.678318
6, 2, 45, 0.600000, 0.682039, 0.619048, 0.764706, 0.684211, 0.647570, 0.648165
6, 3, 173, 0.650000, 0.667791, 0.709677, 0.647059, 0.676923, 0.647609, 0.647609
6, 4, 2, 0.583333, 0.686471, 0.621622, 0.676471, 0.647887, 0.650096, 0.666984
6, 5, 41, 0.650000, 0.675452, 1.000000, 0.382353, 0.553191, 0.648434, 0.658727
7, 1, 171, 0.566667, 0.704254, 0.666667, 0.266667, 0.380952, 0.691317, 0.691317
7, 2, 180, 0.700000, 0.669115, 0.657895, 0.833333, 0.735294, 0.656924, 0.660366
7, 3, 188, 0.666667, 0.667669, 0.692308, 0.600000, 0.642857, 0.652532, 0.656502
7, 4, 198, 0.766667, 0.654062, 0.750000, 0.800000, 0.774194, 0.651799, 0.653690
7, 5, 179, 0.750000, 0.655725, 0.857143, 0.600000, 0.705882, 0.653643, 0.657371
8, 1, 1, 0.616667, 0.704010, 0.616667, 1.000000, 0.762887, 0.700793, 0.700793
8, 2, 1, 0.616667, 0.692214, 0.616667, 1.000000, 0.762887, 0.696845, 0.698013
8, 3, 143, 0.683333, 0.677675, 0.687500, 0.891892, 0.776471, 0.677725, 0.684650
8, 4, 73, 0.800000, 0.659410, 0.857143, 0.810811, 0.833333, 0.662429, 0.675798
8, 5, 93, 0.816667, 0.670009, 0.882353, 0.810811, 0.845070, 0.666478, 0.680217
9, 1, 139, 0.600000, 0.688910, 0.533333, 0.320000, 0.400000, 0.706009, 0.711128
9, 2, 54, 0.633333, 0.685813, 0.600000, 0.360000, 0.450000, 0.695671, 0.699764
9, 3, 197, 0.600000, 0.681464, 1.000000, 0.040000, 0.076923, 0.666513, 0.666513
9, 4, 58, 0.616667, 0.680179, 0.600000, 0.240000, 0.342857, 0.675127, 0.680100
9, 5, 185, 0.600000, 0.685677, 0.571429, 0.160000, 0.250000, 0.662947, 0.667252
10, 1, 190, 0.616667, 0.703027, 0.681818, 0.483871, 0.566038, 0.709997, 0.716745
10, 2, 189, 0.650000, 0.691871, 0.727273, 0.516129, 0.603774, 0.696892, 0.721399
10, 3, 167, 0.750000, 0.663674, 0.900000, 0.580645, 0.705882, 0.674140, 0.693679
10, 4, 170, 0.650000, 0.672688, 0.625000, 0.806452, 0.704225, 0.677043, 0.680924
10, 5, 195, 0.666667, 0.682939, 0.634146, 0.838710, 0.722222, 0.666367, 0.666605
11, 1, 20, 0.600000, 0.704167, 0.812500, 0.382353, 0.520000, 0.700848, 0.701457
11, 2, 152, 0.633333, 0.681531, 0.750000, 0.529412, 0.620690, 0.694219, 0.708737
11, 3, 172, 0.633333, 0.671941, 0.687500, 0.647059, 0.666667, 0.694803, 0.698157
11, 4, 126, 0.716667, 0.668123, 0.757576, 0.735294, 0.746269, 0.670899, 0.675082
11, 5, 74, 0.650000, 0.680227, 0.782609, 0.529412, 0.631579, 0.666676, 0.674064
12, 1, 116, 0.666667, 0.683986, 0.714286, 0.384615, 0.500000, 0.698332, 0.698819
12, 2, 189, 0.750000, 0.654117, 0.789474, 0.576923, 0.666667, 0.672369, 0.675972
12, 3, 188, 0.716667, 0.662786, 0.846154, 0.423077, 0.564103, 0.687611, 0.697095
12, 4, 200, 0.750000, 0.652731, 0.923077, 0.461538, 0.615385, 0.688376, 0.692646
12, 5, 6, 0.700000, 0.678972, 0.833333, 0.384615, 0.526316, 0.671250, 0.671250
13, 1, 67, 0.650000, 0.686035, 0.809524, 0.500000, 0.618182, 0.674539, 0.676302
13, 2, 181, 0.700000, 0.660995, 0.807692, 0.617647, 0.700000, 0.669192, 0.670065
13, 3, 101, 0.683333, 0.668129, 0.800000, 0.588235, 0.677966, 0.669457, 0.671946
13, 4, 180, 0.716667, 0.655446, 0.757576, 0.735294, 0.746269, 0.667515, 0.667603
13, 5, 190, 0.816667, 0.647726, 0.870968, 0.794118, 0.830769, 0.660881, 0.663189
14, 1, 189, 0.716667, 0.670692, 0.900000, 0.545455, 0.679245, 0.677120, 0.678683
14, 2, 166, 0.733333, 0.668223, 0.869565, 0.606061, 0.714286, 0.676631, 0.676631
14, 3, 115, 0.716667, 0.668198, 0.944444, 0.515152, 0.666667, 0.669498, 0.670866
14, 4, 19, 0.700000, 0.660806, 0.692308, 0.818182, 0.750000, 0.662176, 0.666468
14, 5, 86, 0.700000, 0.673093, 0.826087, 0.575758, 0.678571, 0.666988, 0.675735
15, 1, 77, 0.600000, 0.711960, 0.550000, 0.785714, 0.647059, 0.670344, 0.670844
15, 2, 111, 0.683333, 0.663391, 0.846154, 0.392857, 0.536585, 0.662927, 0.663559
15, 3, 170, 0.650000, 0.670868, 0.620690, 0.642857, 0.631579, 0.663052, 0.667227
15, 4, 165, 0.666667, 0.667296, 0.633333, 0.678571, 0.655172, 0.661612, 0.663197
15, 5, 161, 0.633333, 0.672851, 0.750000, 0.321429, 0.450000, 0.665228, 0.665515
16, 1, 78, 0.500000, 0.699917, 0.000000, 0.000000, 0.000000, 0.688800, 0.688800
16, 2, 199, 0.633333, 0.684600, 0.586207, 0.629630, 0.607143, 0.678991, 0.686314
16, 3, 134, 0.766667, 0.673100, 0.809524, 0.629630, 0.708333, 0.660946, 0.730275
16, 4, 68, 0.733333, 0.678775, 0.703704, 0.703704, 0.703704, 0.661828, 0.698488
16, 5, 68, 0.733333, 0.678292, 0.677419, 0.777778, 0.724138, 0.667196, 0.693301
17, 1, 31, 0.683333, 0.685960, 0.750000, 0.729730, 0.739726, 0.699945, 0.700683
17, 2, 25, 0.666667, 0.681238, 0.742857, 0.702703, 0.722222, 0.681334, 0.681575
17, 3, 8, 0.650000, 0.679096, 0.681818, 0.810811, 0.740741, 0.676351, 0.680140
17, 4, 33, 0.633333, 0.675188, 0.666667, 0.810811, 0.731707, 0.682202, 0.682529
17, 5, 176, 0.650000, 0.679701, 0.750000, 0.648649, 0.695652, 0.664885, 0.670780
18, 1, 1, 0.516667, 0.767605, 0.516667, 1.000000, 0.681319, 0.696997, 0.697378
18, 2, 132, 0.616667, 0.686195, 0.600000, 0.774194, 0.676056, 0.685236, 0.685496
18, 3, 173, 0.666667, 0.683939, 0.648649, 0.774194, 0.705882, 0.683074, 0.709258
18, 4, 90, 0.633333, 0.688244, 0.621622, 0.741935, 0.676471, 0.677643, 0.714308
18, 5, 63, 0.616667, 0.685401, 0.625000, 0.645161, 0.634921, 0.677572, 0.687955
19, 1, 123, 0.600000, 0.692598, 0.628571, 0.666667, 0.647059, 0.696076, 0.697393
19, 2, 63, 0.600000, 0.688343, 0.615385, 0.727273, 0.666667, 0.681706, 0.682721
19, 3, 118, 0.616667, 0.691499, 0.692308, 0.545455, 0.610169, 0.676372, 0.681621
19, 4, 43, 0.616667, 0.692595, 0.666667, 0.606061, 0.634921, 0.678445, 0.680998
19, 5, 77, 0.600000, 0.692605, 0.680000, 0.515152, 0.586207, 0.678168, 0.683931
20, 1, 9, 0.533333, 0.704428, 0.534483, 0.968750, 0.688889, 0.689588, 0.690085
20, 2, 101, 0.566667, 0.705897, 0.800000, 0.250000, 0.380952, 0.685332, 0.686123
20, 3, 101, 0.583333, 0.699740, 0.640000, 0.500000, 0.561404, 0.676295, 0.682285
20, 4, 51, 0.566667, 0.706889, 0.800000, 0.250000, 0.380952, 0.678806, 0.678806
20, 5, 49, 0.600000, 0.702209, 0.750000, 0.375000, 0.500000, 0.684366, 0.691839
