# qvc TwoLocal incremental log
# combo: rotation_type=Rot, entanglement=chain, ent_gate=IsingXX
# Columns: dim, num_layers, best_it, val_acc, val_loss, val_prec, val_rec, val_f1, lowest train loss, final train loss
2, 1, 157, 0.683333, 0.688322, 0.823529, 0.466667, 0.595745, 0.660073, 0.660073
2, 2, 140, 0.600000, 0.690525, 0.583333, 0.700000, 0.636364, 0.655951, 0.673774
2, 3, 99, 0.633333, 0.688596, 0.785714, 0.366667, 0.500000, 0.660356, 0.686932
2, 4, 63, 0.650000, 0.678396, 0.621622, 0.766667, 0.686567, 0.654070, 0.654070
2, 5, 58, 0.650000, 0.720505, 0.909091, 0.333333, 0.487805, 0.653017, 0.674852
3, 1, 3, 0.583333, 0.682055, 0.600000, 0.115385, 0.193548, 0.674538, 0.677470
3, 2, 59, 0.583333, 0.721373, 0.517241, 0.576923, 0.545455, 0.674318, 0.674318
3, 3, 186, 0.716667, 0.661727, 0.846154, 0.423077, 0.564103, 0.661896, 0.663593
3, 4, 102, 0.650000, 0.656323, 1.000000, 0.192308, 0.322581, 0.656547, 0.662834
3, 5, 153, 0.666667, 0.655109, 0.687500, 0.423077, 0.523810, 0.658041, 0.666491
4, 1, 12, 0.833333, 0.667361, 0.916667, 0.733333, 0.814815, 0.631010, 0.638639
4, 2, 66, 0.750000, 0.651155, 0.800000, 0.666667, 0.727273, 0.597298, 0.597991
4, 3, 146, 0.800000, 0.655298, 1.000000, 0.600000, 0.750000, 0.590011, 0.594550
4, 4, 97, 0.766667, 0.641350, 0.900000, 0.600000, 0.720000, 0.593686, 0.616342
4, 5, 77, 0.783333, 0.646785, 0.869565, 0.666667, 0.754717, 0.585736, 0.616571
5, 1, 125, 0.616667, 0.673531, 0.714286, 0.344828, 0.465116, 0.664099, 0.665112
5, 2, 4, 0.566667, 0.732445, 0.714286, 0.172414, 0.277778, 0.658680, 0.678781
5, 3, 12, 0.633333, 0.668790, 0.733333, 0.379310, 0.500000, 0.648085, 0.648085
5, 4, 134, 0.650000, 0.696121, 0.666667, 0.551724, 0.603774, 0.641753, 0.655771
5, 5, 101, 0.650000, 0.696026, 0.666667, 0.551724, 0.603774, 0.647656, 0.656147
6, 1, 83, 0.750000, 0.651312, 0.863636, 0.612903, 0.716981, 0.635314, 0.637869
6, 2, 50, 0.750000, 0.651578, 0.807692, 0.677419, 0.736842, 0.617636, 0.623099
6, 3, 76, 0.750000, 0.650882, 0.863636, 0.612903, 0.716981, 0.621999, 0.622482
6, 4, 186, 0.733333, 0.652219, 0.777778, 0.677419, 0.724138, 0.620468, 0.665509
6, 5, 118, 0.733333, 0.662441, 0.857143, 0.580645, 0.692308, 0.614643, 0.628745
7, 1, 128, 0.733333, 0.641143, 0.687500, 0.500000, 0.578947, 0.637253, 0.637807
7, 2, 68, 0.733333, 0.659661, 0.650000, 0.590909, 0.619048, 0.630299, 0.652689
7, 3, 116, 0.766667, 0.652169, 0.700000, 0.636364, 0.666667, 0.624850, 0.627750
7, 4, 199, 0.733333, 0.633924, 0.666667, 0.545455, 0.600000, 0.616135, 0.632991
7, 5, 149, 0.750000, 0.645237, 0.769231, 0.454545, 0.571429, 0.625944, 0.738538
8, 1, 53, 0.766667, 0.641671, 0.666667, 0.666667, 0.666667, 0.636501, 0.640115
8, 2, 69, 0.800000, 0.619494, 0.800000, 0.571429, 0.666667, 0.626170, 0.642295
8, 3, 199, 0.866667, 0.598641, 1.000000, 0.619048, 0.764706, 0.614594, 0.624434
8, 4, 73, 0.733333, 0.634812, 0.631579, 0.571429, 0.600000, 0.603803, 0.605043
8, 5, 139, 0.883333, 0.590436, 1.000000, 0.666667, 0.800000, 0.598626, 0.615869
9, 1, 73, 0.900000, 0.568253, 0.923077, 0.857143, 0.888889, 0.606591, 0.612310
9, 2, 134, 0.900000, 0.561244, 0.923077, 0.857143, 0.888889, 0.606149, 0.626517
9, 3, 142, 0.883333, 0.564673, 0.888889, 0.857143, 0.872727, 0.600409, 0.605605
9, 4, 101, 0.916667, 0.540466, 0.960000, 0.857143, 0.905660, 0.591253, 0.598729
9, 5, 136, 0.916667, 0.545321, 0.960000, 0.857143, 0.905660, 0.590917, 0.595239
10, 1, 9, 0.766667, 0.652161, 0.941176, 0.551724, 0.695652, 0.620158, 0.624065
10, 2, 104, 0.783333, 0.634387, 1.000000, 0.551724, 0.711111, 0.603892, 0.613550
10, 3, 148, 0.833333, 0.605608, 0.913043, 0.724138, 0.807692, 0.577395, 0.581516
10, 4, 170, 0.866667, 0.599542, 1.000000, 0.724138, 0.840000, 0.578610, 0.591019
10, 5, 70, 0.816667, 0.618176, 0.950000, 0.655172, 0.775510, 0.574568, 0.593273
11, 1, 33, 0.700000, 0.667549, 0.823529, 0.482759, 0.608696, 0.645863, 0.646003
11, 2, 148, 0.816667, 0.636411, 0.846154, 0.758621, 0.800000, 0.616829, 0.624560
11, 3, 133, 0.850000, 0.595661, 0.884615, 0.793103, 0.836364, 0.594753, 0.620361
11, 4, 152, 0.850000, 0.585884, 0.884615, 0.793103, 0.836364, 0.579052, 0.593081
11, 5, 115, 0.850000, 0.603865, 0.884615, 0.793103, 0.836364, 0.580373, 0.592934
12, 1, 68, 0.766667, 0.660071, 0.733333, 0.785714, 0.758621, 0.659704, 0.660833
12, 2, 165, 0.883333, 0.604351, 0.888889, 0.857143, 0.872727, 0.634758, 0.642714
12, 3, 143, 0.883333, 0.618059, 0.862069, 0.892857, 0.877193, 0.634597, 0.648834
12, 4, 135, 0.850000, 0.604656, 0.952381, 0.714286, 0.816327, 0.623022, 0.623022
12, 5, 105, 0.900000, 0.617790, 0.892857, 0.892857, 0.892857, 0.618769, 0.627393
13, 1, 82, 0.883333, 0.609861, 0.900000, 0.870968, 0.885246, 0.632739, 0.633067
13, 2, 151, 0.900000, 0.590848, 1.000000, 0.806452, 0.892857, 0.607372, 0.607372
13, 3, 30, 0.916667, 0.607527, 1.000000, 0.838710, 0.912281, 0.603661, 0.616901
13, 4, 171, 0.850000, 0.590664, 0.892857, 0.806452, 0.847458, 0.601513, 0.605410
13, 5, 109, 0.916667, 0.581896, 1.000000, 0.838710, 0.912281, 0.590765, 0.609857
14, 1, 65, 0.766667, 0.641647, 0.705882, 0.857143, 0.774194, 0.638762, 0.644896
14, 2, 187, 0.800000, 0.616864, 0.833333, 0.714286, 0.769231, 0.624448, 0.632585
14, 3, 37, 0.833333, 0.641141, 0.764706, 0.928571, 0.838710, 0.618259, 0.628921
14, 4, 177, 0.866667, 0.598747, 0.833333, 0.892857, 0.862069, 0.608837, 0.615179
14, 5, 196, 0.883333, 0.610286, 0.862069, 0.892857, 0.877193, 0.613337, 0.623938
15, 1, 165, 0.700000, 0.681433, 0.680000, 0.629630, 0.653846, 0.650904, 0.658881
15, 2, 112, 0.733333, 0.646833, 0.789474, 0.555556, 0.652174, 0.622240, 0.622240
15, 3, 148, 0.733333, 0.641118, 0.923077, 0.444444, 0.600000, 0.619647, 0.621804
15, 4, 198, 0.766667, 0.639283, 1.000000, 0.481481, 0.650000, 0.609945, 0.617440
15, 5, 39, 0.750000, 0.640381, 1.000000, 0.444444, 0.615385, 0.608141, 0.613790
16, 1, 67, 0.750000, 0.654280, 0.764706, 0.787879, 0.776119, 0.634558, 0.641837
16, 2, 63, 0.666667, 0.664545, 0.842105, 0.484848, 0.615385, 0.655753, 0.656762
16, 3, 85, 0.750000, 0.632483, 0.875000, 0.636364, 0.736842, 0.623691, 0.647166
16, 4, 104, 0.733333, 0.641369, 0.904762, 0.575758, 0.703704, 0.622806, 0.630002
16, 5, 62, 0.733333, 0.638125, 0.904762, 0.575758, 0.703704, 0.614262, 0.629755
17, 1, 198, 0.900000, 0.611653, 0.956522, 0.814815, 0.880000, 0.621920, 0.624756
17, 2, 125, 0.900000, 0.616530, 0.888889, 0.888889, 0.888889, 0.623173, 0.625601
17, 3, 46, 0.933333, 0.586787, 0.960000, 0.888889, 0.923077, 0.610577, 0.616068
17, 4, 185, 0.933333, 0.594511, 0.960000, 0.888889, 0.923077, 0.609418, 0.646534
17, 5, 28, 0.933333, 0.615742, 0.925926, 0.925926, 0.925926, 0.599656, 0.605885
18, 1, 54, 0.783333, 0.634217, 0.904762, 0.633333, 0.745098, 0.615561, 0.617196
18, 2, 60, 0.766667, 0.644143, 0.785714, 0.733333, 0.758621, 0.614197, 0.615309
18, 3, 119, 0.816667, 0.622180, 0.952381, 0.666667, 0.784314, 0.595734, 0.604027
18, 4, 42, 0.850000, 0.623408, 0.956522, 0.733333, 0.830189, 0.573086, 0.601002
18, 5, 132, 0.850000, 0.598865, 0.956522, 0.733333, 0.830189, 0.569861, 0.585335
19, 1, 170, 0.750000, 0.638016, 0.764706, 0.787879, 0.776119, 0.618180, 0.618180
19, 2, 58, 0.833333, 0.606828, 0.848485, 0.848485, 0.848485, 0.605386, 0.608539
19, 3, 142, 0.833333, 0.599493, 1.000000, 0.696970, 0.821429, 0.600724, 0.600724
19, 4, 195, 0.833333, 0.582518, 1.000000, 0.696970, 0.821429, 0.594625, 0.597313
19, 5, 175, 0.900000, 0.576270, 1.000000, 0.818182, 0.900000, 0.587844, 0.590267
20, 1, 175, 0.883333, 0.593347, 0.863636, 0.826087, 0.844444, 0.612934, 0.618836
20, 2, 22, 0.883333, 0.611510, 0.900000, 0.782609, 0.837209, 0.603452, 0.604685
20, 3, 182, 0.883333, 0.612045, 0.807692, 0.913043, 0.857143, 0.593532, 0.626232
20, 4, 43, 0.916667, 0.556754, 0.950000, 0.826087, 0.883721, 0.585559, 0.593413
20, 5, 97, 0.916667, 0.564063, 0.875000, 0.913043, 0.893617, 0.585272, 0.586760
