# qvc TwoLocal incremental log
# combo: rotation_type=RX, entanglement=ring, ent_gate=CZ
# Columns: dim, num_layers, best_it, val_acc, val_loss, val_prec, val_rec, val_f1, lowest train loss, final train loss
2, 1, 200, 0.883333, 0.665837, 1.000000, 0.766667, 0.867925, 0.664286, 0.664286
2, 2, 89, 0.966667, 0.677688, 1.000000, 0.933333, 0.965517, 0.646961, 0.648988
2, 3, 106, 0.966667, 0.654890, 1.000000, 0.933333, 0.965517, 0.648032, 0.648718
2, 4, 191, 0.966667, 0.649596, 1.000000, 0.933333, 0.965517, 0.646910, 0.647331
2, 5, 62, 0.950000, 0.668885, 1.000000, 0.900000, 0.947368, 0.646930, 0.649203
3, 1, 143, 0.616667, 0.692848, 0.714286, 0.468750, 0.566038, 0.693119, 0.699346
3, 2, 134, 0.616667, 0.692656, 0.800000, 0.375000, 0.510638, 0.693073, 0.693822
3, 3, 51, 0.616667, 0.690542, 0.714286, 0.468750, 0.566038, 0.692927, 0.715063
3, 4, 25, 0.633333, 0.684975, 0.857143, 0.375000, 0.521739, 0.693327, 0.698321
3, 5, 23, 0.633333, 0.682295, 0.812500, 0.406250, 0.541667, 0.692932, 0.731170
4, 1, 1, 0.550000, 0.779494, 0.550000, 1.000000, 0.709677, 0.699658, 0.724137
4, 2, 60, 0.616667, 0.718690, 1.000000, 0.303030, 0.465116, 0.700413, 0.708549
4, 3, 158, 0.683333, 0.697093, 0.818182, 0.545455, 0.654545, 0.670799, 0.670799
4, 4, 197, 0.716667, 0.637915, 0.863636, 0.575758, 0.690909, 0.638784, 0.639175
4, 5, 181, 0.666667, 0.657173, 0.696970, 0.696970, 0.696970, 0.657609, 0.662310
5, 1, 73, 0.600000, 0.690281, 0.000000, 0.000000, 0.000000, 0.680142, 0.684744
5, 2, 117, 0.700000, 0.661184, 0.600000, 0.750000, 0.666667, 0.671942, 0.674780
5, 3, 175, 0.733333, 0.652937, 0.617647, 0.875000, 0.724138, 0.646535, 0.650265
5, 4, 97, 0.750000, 0.629887, 0.714286, 0.625000, 0.666667, 0.643278, 0.643278
5, 5, 46, 0.766667, 0.631706, 0.857143, 0.500000, 0.631579, 0.639379, 0.660519
6, 1, 106, 0.600000, 0.690680, 0.656250, 0.617647, 0.636364, 0.691885, 0.694558
6, 2, 133, 0.616667, 0.691830, 0.622222, 0.823529, 0.708861, 0.686068, 0.688350
6, 3, 150, 0.616667, 0.672378, 0.600000, 0.970588, 0.741573, 0.656696, 0.658347
6, 4, 22, 0.583333, 0.691981, 0.576271, 1.000000, 0.731183, 0.654661, 0.657093
6, 5, 189, 0.616667, 0.678184, 0.603774, 0.941176, 0.735632, 0.654376, 0.654725
7, 1, 70, 0.616667, 0.688171, 0.705882, 0.400000, 0.510638, 0.682620, 0.683371
7, 2, 132, 0.583333, 0.699487, 0.619048, 0.433333, 0.509804, 0.689285, 0.689285
7, 3, 170, 0.650000, 0.687448, 0.909091, 0.333333, 0.487805, 0.672266, 0.675642
7, 4, 170, 0.700000, 0.668381, 0.833333, 0.500000, 0.625000, 0.657605, 0.657605
7, 5, 132, 0.600000, 0.677356, 0.636364, 0.466667, 0.538462, 0.663203, 0.664765
8, 1, 1, 0.616667, 0.692992, 0.616667, 1.000000, 0.762887, 0.699215, 0.700492
8, 2, 77, 0.716667, 0.679979, 0.857143, 0.648649, 0.738462, 0.695476, 0.702701
8, 3, 179, 0.700000, 0.650854, 0.711111, 0.864865, 0.780488, 0.689848, 0.689848
8, 4, 129, 0.766667, 0.665517, 0.755556, 0.918919, 0.829268, 0.675006, 0.687981
8, 5, 26, 0.716667, 0.672231, 0.857143, 0.648649, 0.738462, 0.680060, 0.689542
9, 1, 30, 0.616667, 0.690827, 0.562500, 0.360000, 0.439024, 0.698263, 0.698407
9, 2, 136, 0.650000, 0.697073, 0.571429, 0.640000, 0.603774, 0.691270, 0.694464
9, 3, 189, 0.766667, 0.658760, 0.866667, 0.520000, 0.650000, 0.664757, 0.670317
9, 4, 162, 0.683333, 0.669394, 0.750000, 0.360000, 0.486486, 0.656944, 0.656944
9, 5, 198, 0.800000, 0.643197, 0.933333, 0.560000, 0.700000, 0.637885, 0.637885
10, 1, 102, 0.616667, 0.697823, 0.750000, 0.387097, 0.510638, 0.694986, 0.697332
10, 2, 160, 0.633333, 0.692505, 0.800000, 0.387097, 0.521739, 0.688793, 0.688793
10, 3, 30, 0.616667, 0.696359, 0.681818, 0.483871, 0.566038, 0.689273, 0.689273
10, 4, 163, 0.766667, 0.660503, 0.869565, 0.645161, 0.740741, 0.660115, 0.662566
10, 5, 131, 0.666667, 0.670807, 0.720000, 0.580645, 0.642857, 0.660894, 0.661099
11, 1, 104, 0.566667, 0.690316, 0.566667, 1.000000, 0.723404, 0.691564, 0.692925
11, 2, 44, 0.616667, 0.697243, 0.789474, 0.441176, 0.566038, 0.682434, 0.684921
11, 3, 19, 0.600000, 0.681391, 0.666667, 0.588235, 0.625000, 0.683095, 0.684378
11, 4, 170, 0.683333, 0.686905, 0.826087, 0.558824, 0.666667, 0.679675, 0.688254
11, 5, 119, 0.700000, 0.676469, 0.722222, 0.764706, 0.742857, 0.664239, 0.674576
12, 1, 103, 0.616667, 0.687552, 0.800000, 0.153846, 0.258065, 0.692934, 0.698824
12, 2, 24, 0.583333, 0.695357, 0.666667, 0.076923, 0.137931, 0.694403, 0.697352
12, 3, 171, 0.583333, 0.694407, 0.517241, 0.576923, 0.545455, 0.692138, 0.694686
12, 4, 69, 0.683333, 0.676827, 0.888889, 0.307692, 0.457143, 0.663607, 0.666568
12, 5, 51, 0.583333, 0.695887, 0.666667, 0.076923, 0.137931, 0.669756, 0.669756
13, 1, 21, 0.616667, 0.689326, 0.703704, 0.558824, 0.622951, 0.687590, 0.688771
13, 2, 114, 0.650000, 0.682555, 0.740741, 0.588235, 0.655738, 0.681623, 0.682416
13, 3, 41, 0.666667, 0.686660, 0.937500, 0.441176, 0.600000, 0.679351, 0.679351
13, 4, 189, 0.716667, 0.665880, 0.717949, 0.823529, 0.767123, 0.679349, 0.687082
13, 5, 5, 0.650000, 0.684523, 0.782609, 0.529412, 0.631579, 0.681752, 0.681752
14, 1, 20, 0.600000, 0.689294, 0.800000, 0.363636, 0.500000, 0.692740, 0.694815
14, 2, 1, 0.566667, 0.677760, 0.563636, 0.939394, 0.704545, 0.679019, 0.684797
14, 3, 1, 0.566667, 0.675988, 0.568627, 0.878788, 0.690476, 0.676855, 0.677306
14, 4, 110, 0.616667, 0.693773, 0.678571, 0.575758, 0.622951, 0.677027, 0.677027
14, 5, 17, 0.600000, 0.688379, 0.645161, 0.606061, 0.625000, 0.676458, 0.688313
15, 1, 7, 0.566667, 0.714080, 0.526316, 0.714286, 0.606061, 0.684770, 0.685041
15, 2, 156, 0.533333, 0.705696, 0.500000, 0.571429, 0.533333, 0.676621, 0.676621
15, 3, 178, 0.550000, 0.707114, 0.515152, 0.607143, 0.557377, 0.672968, 0.674341
15, 4, 175, 0.600000, 0.688589, 0.541667, 0.928571, 0.684211, 0.672459, 0.672578
15, 5, 85, 0.600000, 0.693379, 0.625000, 0.357143, 0.454545, 0.672263, 0.675055
16, 1, 28, 0.550000, 0.696089, 0.000000, 0.000000, 0.000000, 0.689967, 0.691574
16, 2, 81, 0.566667, 0.701190, 0.600000, 0.111111, 0.187500, 0.689722, 0.694689
16, 3, 20, 0.650000, 0.682585, 0.800000, 0.296296, 0.432432, 0.686630, 0.686630
16, 4, 37, 0.600000, 0.684621, 0.578947, 0.407407, 0.478261, 0.688046, 0.697487
16, 5, 17, 0.566667, 0.687224, 0.514286, 0.666667, 0.580645, 0.685041, 0.689712
17, 1, 22, 0.666667, 0.687393, 0.717949, 0.756757, 0.736842, 0.697636, 0.700311
17, 2, 42, 0.683333, 0.684575, 0.725000, 0.783784, 0.753247, 0.697052, 0.716431
17, 3, 118, 0.666667, 0.684813, 0.729730, 0.729730, 0.729730, 0.690658, 0.692047
17, 4, 42, 0.683333, 0.675181, 0.673077, 0.945946, 0.786517, 0.690756, 0.694354
17, 5, 81, 0.683333, 0.682130, 0.704545, 0.837838, 0.765432, 0.688157, 0.705091
18, 1, 191, 0.533333, 0.701021, 0.636364, 0.225806, 0.333333, 0.696028, 0.697146
18, 2, 1, 0.516667, 0.749049, 0.516667, 1.000000, 0.681319, 0.691665, 0.695944
18, 3, 35, 0.533333, 0.706553, 1.000000, 0.096774, 0.176471, 0.678232, 0.678232
18, 4, 165, 0.566667, 0.705718, 0.857143, 0.193548, 0.315789, 0.682414, 0.686285
18, 5, 1, 0.516667, 0.763019, 0.516667, 1.000000, 0.681319, 0.681190, 0.698534
19, 1, 110, 0.583333, 0.694558, 0.600000, 0.727273, 0.657534, 0.699366, 0.699408
19, 2, 31, 0.566667, 0.699612, 0.666667, 0.424242, 0.518519, 0.697138, 0.701052
19, 3, 115, 0.600000, 0.698025, 0.714286, 0.454545, 0.555556, 0.681436, 0.681675
19, 4, 45, 0.633333, 0.691294, 0.677419, 0.636364, 0.656250, 0.681532, 0.691135
19, 5, 17, 0.600000, 0.702681, 0.909091, 0.303030, 0.454545, 0.681948, 0.682329
20, 1, 28, 0.550000, 0.703110, 0.543860, 0.968750, 0.696629, 0.690597, 0.691260
20, 2, 11, 0.550000, 0.703898, 0.543860, 0.968750, 0.696629, 0.689317, 0.690961
20, 3, 64, 0.566667, 0.704243, 0.553571, 0.968750, 0.704545, 0.685238, 0.686629
20, 4, 28, 0.566667, 0.704675, 0.875000, 0.218750, 0.350000, 0.683718, 0.685612
20, 5, 130, 0.616667, 0.681819, 0.764706, 0.406250, 0.530612, 0.680531, 0.695819
