# qvc TwoLocal incremental log
# combo: rotation_type=RYRZ, entanglement=full, ent_gate=CZ
# Columns: dim, num_layers, best_it, val_acc, val_loss, val_prec, val_rec, val_f1, lowest train loss, final train loss
2, 1, 187, 0.883333, 0.631478, 0.960000, 0.800000, 0.872727, 0.629370, 0.629370
2, 2, 46, 0.883333, 0.611172, 0.960000, 0.800000, 0.872727, 0.570161, 0.570722
2, 3, 68, 0.816667, 0.651887, 0.756757, 0.933333, 0.835821, 0.571416, 0.586451
2, 4, 24, 0.833333, 0.606731, 0.833333, 0.833333, 0.833333, 0.570778, 0.573472
2, 5, 71, 0.850000, 0.599056, 0.838710, 0.866667, 0.852459, 0.570446, 0.587105
3, 1, 186, 0.566667, 0.719270, 0.687500, 0.343750, 0.458333, 0.675082, 0.677048
3, 2, 190, 0.750000, 0.624655, 0.793103, 0.718750, 0.754098, 0.634974, 0.635169
3, 3, 122, 0.716667, 0.630511, 0.702703, 0.812500, 0.753623, 0.630180, 0.633148
3, 4, 92, 0.783333, 0.620805, 0.787879, 0.812500, 0.800000, 0.631756, 0.635164
3, 5, 143, 0.800000, 0.617083, 0.812500, 0.812500, 0.812500, 0.632463, 0.647624
4, 1, 200, 0.733333, 0.677795, 0.697674, 0.909091, 0.789474, 0.681092, 0.681092
4, 2, 161, 0.816667, 0.637059, 0.923077, 0.727273, 0.813559, 0.638508, 0.664949
4, 3, 99, 0.783333, 0.650250, 0.727273, 0.969697, 0.831169, 0.627064, 0.641794
4, 4, 196, 0.850000, 0.622514, 0.852941, 0.878788, 0.865672, 0.631535, 0.636024
4, 5, 180, 0.800000, 0.623330, 0.862069, 0.757576, 0.806452, 0.628802, 0.630978
5, 1, 129, 0.600000, 0.683925, 0.500000, 0.166667, 0.250000, 0.710413, 0.710413
5, 2, 173, 0.766667, 0.639574, 0.678571, 0.791667, 0.730769, 0.641925, 0.641925
5, 3, 86, 0.750000, 0.630905, 0.714286, 0.625000, 0.666667, 0.647118, 0.650859
5, 4, 142, 0.800000, 0.653204, 0.714286, 0.833333, 0.769231, 0.642359, 0.651634
5, 5, 155, 0.783333, 0.643841, 0.720000, 0.750000, 0.734694, 0.647940, 0.649006
6, 1, 115, 0.616667, 0.688333, 0.739130, 0.500000, 0.596491, 0.680369, 0.685140
6, 2, 145, 0.666667, 0.666574, 0.705882, 0.705882, 0.705882, 0.655591, 0.660126
6, 3, 42, 0.616667, 0.714265, 0.866667, 0.382353, 0.530612, 0.683391, 0.686847
6, 4, 196, 0.600000, 0.688376, 0.708333, 0.500000, 0.586207, 0.655197, 0.655197
6, 5, 191, 0.766667, 0.648130, 0.794118, 0.794118, 0.794118, 0.649891, 0.654368
7, 1, 178, 0.600000, 0.692202, 1.000000, 0.200000, 0.333333, 0.680167, 0.680167
7, 2, 169, 0.616667, 0.668895, 0.684211, 0.433333, 0.530612, 0.660815, 0.662648
7, 3, 199, 0.650000, 0.666666, 0.714286, 0.500000, 0.588235, 0.665297, 0.665297
7, 4, 166, 0.650000, 0.670283, 0.695652, 0.533333, 0.603774, 0.655036, 0.657546
7, 5, 138, 0.616667, 0.676151, 0.818182, 0.300000, 0.439024, 0.653250, 0.653501
8, 1, 1, 0.616667, 0.692249, 0.616667, 1.000000, 0.762887, 0.700004, 0.700004
8, 2, 165, 0.833333, 0.679376, 1.000000, 0.729730, 0.843750, 0.673431, 0.673431
8, 3, 195, 0.816667, 0.667912, 0.906250, 0.783784, 0.840580, 0.669961, 0.669961
8, 4, 163, 0.750000, 0.672247, 0.805556, 0.783784, 0.794521, 0.665971, 0.669197
8, 5, 148, 0.733333, 0.658715, 0.698113, 1.000000, 0.822222, 0.670100, 0.670278
9, 1, 134, 0.600000, 0.689089, 0.529412, 0.360000, 0.428571, 0.706714, 0.721893
9, 2, 156, 0.666667, 0.684947, 0.608696, 0.560000, 0.583333, 0.667204, 0.667204
9, 3, 188, 0.650000, 0.692816, 0.700000, 0.280000, 0.400000, 0.681108, 0.681858
9, 4, 62, 0.650000, 0.677304, 1.000000, 0.160000, 0.275862, 0.652445, 0.654506
9, 5, 139, 0.650000, 0.666789, 0.700000, 0.280000, 0.400000, 0.650396, 0.687487
10, 1, 13, 0.566667, 0.699326, 0.580645, 0.580645, 0.580645, 0.709412, 0.710088
10, 2, 94, 0.650000, 0.684028, 0.692308, 0.580645, 0.631579, 0.695484, 0.695484
10, 3, 199, 0.633333, 0.682315, 0.604651, 0.838710, 0.702703, 0.674482, 0.674519
10, 4, 160, 0.633333, 0.676345, 0.909091, 0.322581, 0.476190, 0.663506, 0.663521
10, 5, 121, 0.650000, 0.681023, 0.647059, 0.709677, 0.676923, 0.665665, 0.668523
11, 1, 12, 0.600000, 0.710131, 0.857143, 0.352941, 0.500000, 0.700694, 0.702421
11, 2, 18, 0.666667, 0.689703, 0.791667, 0.558824, 0.655172, 0.690910, 0.695283
11, 3, 102, 0.633333, 0.668527, 0.666667, 0.705882, 0.685714, 0.677325, 0.696164
11, 4, 68, 0.650000, 0.683357, 0.809524, 0.500000, 0.618182, 0.657634, 0.667261
11, 5, 5, 0.600000, 0.687220, 0.708333, 0.500000, 0.586207, 0.660133, 0.665874
12, 1, 187, 0.583333, 0.685532, 0.526316, 0.384615, 0.444444, 0.699582, 0.699943
12, 2, 83, 0.616667, 0.683400, 0.800000, 0.153846, 0.258065, 0.678821, 0.678834
12, 3, 70, 0.600000, 0.688878, 0.550000, 0.423077, 0.478261, 0.666730, 0.669604
12, 4, 20, 0.666667, 0.674723, 0.800000, 0.307692, 0.444444, 0.669222, 0.681274
12, 5, 7, 0.633333, 0.682595, 0.833333, 0.192308, 0.312500, 0.678096, 0.678239
13, 1, 176, 0.700000, 0.663526, 0.785714, 0.647059, 0.709677, 0.671600, 0.671747
13, 2, 96, 0.666667, 0.668046, 0.718750, 0.676471, 0.696970, 0.669178, 0.681929
13, 3, 106, 0.683333, 0.667967, 0.826087, 0.558824, 0.666667, 0.661273, 0.669716
13, 4, 127, 0.650000, 0.669567, 0.675676, 0.735294, 0.704225, 0.667121, 0.669947
13, 5, 187, 0.716667, 0.673930, 0.904762, 0.558824, 0.690909, 0.663769, 0.674647
14, 1, 163, 0.750000, 0.669240, 0.909091, 0.606061, 0.727273, 0.677722, 0.679330
14, 2, 136, 0.700000, 0.669198, 0.826087, 0.575758, 0.678571, 0.671503, 0.672250
14, 3, 119, 0.650000, 0.665669, 0.700000, 0.636364, 0.666667, 0.671557, 0.673759
14, 4, 7, 0.700000, 0.680322, 0.941176, 0.484848, 0.640000, 0.664986, 0.670730
14, 5, 54, 0.716667, 0.677169, 0.944444, 0.515152, 0.666667, 0.669826, 0.679040
15, 1, 119, 0.600000, 0.701971, 0.555556, 0.714286, 0.625000, 0.670824, 0.672522
15, 2, 192, 0.583333, 0.685177, 0.548387, 0.607143, 0.576271, 0.664401, 0.664952
15, 3, 140, 0.616667, 0.689416, 0.586207, 0.607143, 0.596491, 0.665907, 0.666029
15, 4, 19, 0.566667, 0.712433, 0.526316, 0.714286, 0.606061, 0.664944, 0.664944
15, 5, 60, 0.600000, 0.715670, 0.547619, 0.821429, 0.657143, 0.665922, 0.665946
16, 1, 45, 0.550000, 0.699657, 0.000000, 0.000000, 0.000000, 0.687033, 0.687183
16, 2, 19, 0.533333, 0.698544, 0.400000, 0.074074, 0.125000, 0.687190, 0.690106
16, 3, 186, 0.683333, 0.677634, 0.785714, 0.407407, 0.536585, 0.668985, 0.670039
16, 4, 126, 0.700000, 0.679711, 0.695652, 0.592593, 0.640000, 0.672911, 0.672911
16, 5, 117, 0.650000, 0.687542, 0.575000, 0.851852, 0.686567, 0.678108, 0.680953
17, 1, 48, 0.683333, 0.686322, 0.750000, 0.729730, 0.739726, 0.699961, 0.700400
17, 2, 164, 0.650000, 0.669406, 0.666667, 0.864865, 0.752941, 0.687334, 0.688087
17, 3, 135, 0.750000, 0.659365, 0.775000, 0.837838, 0.805195, 0.682592, 0.684277
17, 4, 161, 0.733333, 0.661714, 0.733333, 0.891892, 0.804878, 0.669849, 0.669849
17, 5, 114, 0.666667, 0.685921, 0.757576, 0.675676, 0.714286, 0.686206, 0.686206
18, 1, 1, 0.516667, 0.746032, 0.516667, 1.000000, 0.681319, 0.696329, 0.709848
18, 2, 129, 0.550000, 0.712490, 0.534483, 1.000000, 0.696629, 0.679150, 0.680392
18, 3, 140, 0.550000, 0.702522, 0.535714, 0.967742, 0.689655, 0.685340, 0.685402
18, 4, 136, 0.583333, 0.694000, 0.666667, 0.387097, 0.489796, 0.677113, 0.700049
18, 5, 158, 0.550000, 0.697723, 0.571429, 0.516129, 0.542373, 0.671325, 0.674047
19, 1, 36, 0.600000, 0.693448, 0.628571, 0.666667, 0.647059, 0.697046, 0.697046
19, 2, 9, 0.583333, 0.686586, 0.590909, 0.787879, 0.675325, 0.676039, 0.678745
19, 3, 53, 0.616667, 0.684871, 0.625000, 0.757576, 0.684932, 0.674004, 0.676940
19, 4, 190, 0.633333, 0.682362, 0.666667, 0.666667, 0.666667, 0.675116, 0.676405
19, 5, 33, 0.600000, 0.686057, 0.800000, 0.363636, 0.500000, 0.678914, 0.682006
20, 1, 4, 0.533333, 0.704592, 0.534483, 0.968750, 0.688889, 0.689512, 0.694488
20, 2, 106, 0.566667, 0.697508, 0.600000, 0.562500, 0.580645, 0.679887, 0.679887
20, 3, 100, 0.550000, 0.698180, 0.558140, 0.750000, 0.640000, 0.685714, 0.687089
20, 4, 5, 0.550000, 0.702357, 0.547170, 0.906250, 0.682353, 0.683211, 0.683933
20, 5, 20, 0.550000, 0.710767, 0.857143, 0.187500, 0.307692, 0.682000, 0.691502
